1085
1033
1000
1131
1174.67
1116.67
1124
6947.67
6265.67
1081
890.333
1178.33
1012
1065.67
1069.67
1040.33
1016.33
5655.67
1075
1038
1069
1164.33
1145.67
1124.67
1116.33
3878.33
3803
1071.67
876.333
1139.33
1028
1131
1196.67
1031
1012
10609.3
9544.33
10250.3
10902.7
10472.7
9575.33
9440.67
9256.67
7683
9843
10707.7
9773.67
9457.67

186.333
173.333
242.667
199.667
196.667
145.333
190.667
279
299
239
181.667
165
141.333
166
365.333
178.333
164.667
172.333
229.667
168.333
199
356.667
167.333
198
183.667
260.667
197
174.333
160.333
151.333
173.667
190
183.333
146
146.667
225.667
253.667
276.333
245
270.333
214.667
198
180.333
211
241.333
210
283.667
217.667

261.333
245.333
258
214
261.333
241
249.667
98
281
270.333
302
244
259.667
279
264.667
253.333
288
72.3333
266
250
254.667
211.667
264.333
240.667
255
72
114.667
267.333
299.667
245
257.333
273.333
267
256.667
284.667
103.333
113.667
105
112.333
104.333
119
106.667
255
106
112
115.333
115
109.333

157.667
150.667
159
147
169.667
165.667
163.667
346
278
164.333
112
157.333
167.333
160.333
156.667
144.667
147
207
167.333
150.667
167.667
163.667
181
171
159
214.333
202
173
109.333
141.667
167.333
163
150.333
150.333
143
319.667
313.333
315.667
324.333
341
331.333
318
253.333
258.333
302
320.333
344.667
329.333

140
205.667
106.333
139.667
130
166.333
171
374.667
245.333
160.333
142
136.667
131.667
110.333
119.333
131.333
147.333
174.333
137.667
218.333
161
143.333
138.333
106
161.333
146.667
138.667
167.667
122.667
144.333
139.333
130.667
114
190.333
100.333
273.667
439
519.667
278.667
410.667
241.667
369
305
365.667
379.333
310.667
289
425

208.333
208
208.333
208.333
208.333
208.667
207.667
208.333
208.333
208
208.667
208
208.333
208.667
209
208.333
208.333
209
207.667
208
208.667
208.333
208.333
208.333
208
208.333
208.333
208
208.667
208.333
208.333
208.667
209
208.667
208.333
208.333
208
208.333
208.333
208.333
208.333
208.667
208
208.667
208
208
208.333
208

208.333
209
208.667
208.333
208
208
208.667
208.667
208.333
208.667
208
208
208
208
208.333
208
208.333
208.333
208.333
209
208.667
208
208
208
209
208.333
208.333
208
208
208
208
208
208
208.333
208
208.333
208.333
208.667
208.667
209
208.333
208.667
208.333
208.333
208.333
208.333
208.667
208.333

43
34.3333
36.3333
40.3333
38.3333
39
44.6667
152.667
134
44
33.3333
40.6667
45
43.6667
39.6667
33
36
45.3333
46.3333
36.6667
41.6667
38.3333
37.6667
39
41.3333
68.6667
54.6667
41
37
40
47.6667
40
40
33.6667
38.3333
94
100.333
120.333
162
127.667
120
129.667
136.667
131.333
126
150.667
121.333
167.667

10000
10000
10000
10000
10000
10000
10000
10000
10000
10000
10000
10000
10000
10000
10000
10000
10000
10000
10000
10000
10000
10000
10000
10000
10000
10000
10000
10000
10000
10000
10000
10000
10000
10000
10000
10000
10000
10000
10000
10000
10000
10000
10000
10000
10000
10000
10000
10000

