1564.33
2488.33
1130.33
2254.33
2426.67
5334.67
4978.33
4931.33
5121
4819
2260.67
3413.33
4902
3475
2625.33
3589
3010.33
3221.33
3665.67
2406.33
3359.33
985.667
1913.67
3769.67
3496.33
2684
3025.33
2592.67
3771
3823.33
4174.67
3598.33
1888.67
3610.33
1193
5617.67
3438
5928.67
3338
6333.67
4656.33
3615.67
4260.67
2499
4712.33
3702
3232.33
3765.67
4608.67
3236
3641.33
5340
3857.67
6660.33
5477.67
5595
5480
6262
4207.33
2815.67
4650
4241.33
2765.33
5598.33
5451.33
3945.33
5061
3940
3730.33
3365.33
5421.67
1710
3591.67
3785
4607.33
3621
4127
2366
1942.33
3613.67
5119.67
1317.33
1887.33
3896
4648
3748.67
3538
2400.67
2639.67
1948
1168.67
3636
3856.33
2570.33
2396.33
1467.33

119.333
38.6667
88.6667
76.3333
61.6667
71.3333
554
24.3333
227.333
165.667
86.3333
40
190.667
30
116.667
77
55
58
67.3333
91.6667
347.667
75
69
41.3333
56
16.6667
41.3333
70
81.3333
54.3333
78.3333
30
83
43
36.3333
120.333
70.3333
50.6667
65.3333
98
94.3333
158.667
130
40
102.667
106
98.6667
83
132.333
95.3333
113
126.667
95.3333
25.6667
196
85.3333
171
64
69.3333
99.3333
488.667
112
39.6667
151.333
118.333
117.667
53
98.6667
17.3333
78
89.3333
108.333
73
80.6667
59.6667
43.6667
46
95.3333
100.667
32.3333
144.667
54.3333
118.667
128.333
36
51
188.333
123.667
409.667
78.3333
134.333
65.3333
444.667
59.6667
68.6667
36

62.6667
62.6667
28.6667
70
31.6667
54.3333
153.667
115.333
155
98.6667
41.6667
77.3333
182.333
87.3333
58
90.3333
44.3333
61
123.333
50.6667
124.333
33
38.6667
58
32
47.6667
80.3333
65.3333
49.3333
52.6667
142.333
108.667
41.6667
41
89
250
221.333
159
137.333
207
146.667
126
197.333
155.333
151.333
160.333
80.3333
206.333
121
52
129
87.6667
206
213.333
168.667
126
112
186.667
143
40.3333
146.333
86.3333
85.3333
129.333
78.6667
164
124.333
151.333
142.667
117
251.667
104.667
71.3333
148
86.3333
42.6667
151
87.6667
81
46.3333
175.667
71
50.3333
54.3333
103.333
176.333
119
49.6667
110.333
28.3333
36.3333
27.6667
43
45.3333
74
102.333

95.6667
125.667
138
78
114.667
134
53.3333
79
83.6667
113.333
126
136.333
113.667
100
110.333
128.333
111.333
112
65.6667
137
106.333
56.3333
100.667
84
93.6667
107.667
98.6667
116
94.3333
68.3333
140.333
146.667
60
132.333
153
117.333
85.6667
104.667
78.6667
129.667
164
108.333
124
150
111.333
125.333
182
81.6667
151.333
106
57.3333
68
114
157
140.667
117
64
91.6667
89.6667
108
64.6667
125
46
102.333
93.3333
119.667
112.333
91.3333
76.6667
96.6667
109.333
69.6667
99
67.3333
63.6667
60.3333
68.3333
154
56
163
98
108.667
131
104.667
65.3333
78.3333
93.3333
125.667
94.6667
56
88.3333
143
78.6667
105.667
147.333
101

134.333
110.667
94
70
45.3333
48.6667
49.6667
102.333
76
114
131.333
105.667
147
81.6667
116
121.667
129.667
105
70
161.667
83.3333
74.3333
120.667
81.3333
122.667
71
100.333
104.667
69.6667
142.667
132.667
105.333
101.667
68.6667
177.333
120
80.3333
93.3333
86.6667
134.667
123.333
84.6667
102
154.333
106.333
103
240.667
61.6667
126.333
110
44.6667
85.6667
131
114.333
226.667
104.667
68.3333
75.6667
107.333
85
95.3333
81.3333
57
72
79.3333
103.667
117.333
146.667
123
76.6667
113.667
76.3333
127.667
81.3333
100.333
112.667
95.3333
192.667
97
144
60.3333
49.6667
136.333
107.667
82.6667
94.3333
105.667
83.6667
118
154.333
108
63
78
105.333
124
94

109.333
98.6667
99.6667
103.667
94.3333
99.3333
104.333
99
109.333
109.667
109
103.667
109.333
93.6667
104.333
108.667
109.333
104.333
99
104.333
99
108.667
109.667
109
109
109.333
104.333
109.333
98.6667
103.333
104.333
98.6667
99
94
104.333
109.333
99
99
98.6667
109
109.667
104.333
99
109.333
94
109
109.667
109.333
109.333
98.6667
88.6667
110.667
104.333
109.333
109.333
94
99
103.667
109.667
94
94
94
99
99.6667
109.667
109.333
104
110
109.667
109
109.667
109
103.667
104
109
108.667
94.3333
109.667
104.333
104.667
109.667
99
109.667
109
109
108.667
109.333
103.667
104.333
104.333
99
94
98.6667
104
109.333
109.333

113.333
113.333
113.333
113.667
101.667
113.333
113
100.333
113.667
100.333
90
113.333
112.667
90
101.667
113.667
101.667
88.6667
77
113.333
88.6667
101.667
101.667
113.667
101.667
100.333
113.667
88.6667
113.333
101.667
113
113
101.667
100.333
113.333
88.6667
113.333
112.667
113
90
101.667
113.333
88.6667
90
113.333
113
113.333
113.333
101.667
113.333
113
113.333
113.667
113.333
100
113.667
89.6667
100.333
88.3333
113.333
101
113.333
89.6667
101.667
99.6667
113
113.333
112.667
112.333
101.333
112.667
101.333
100.333
113
88.6667
101.667
113.333
101.667
77
101.333
113.333
101.667
113.667
100.667
113
99.6667
101.667
101.667
113.333
88.6667
101.667
100.333
88.6667
88.6667
88.6667
113.333

29.6667
38
40
0
27
31.3333
59.6667
43.6667
0
68
36.3333
38.6667
0
43.3333
34.3333
0
28.6667
46.3333
61.3333
0
33.3333
31.6667
31.6667
0
0
0
45.3333
36.3333
0
0
60.6667
35
35
32.3333
36.3333
66
48.6667
0
55.6667
0
60.3333
53
59.6667
51
69
0
38.3333
53.6667
57.3333
29
38
0
43
0
62.6667
56
45.3333
77
0
36.6667
72.6667
41.6667
54.6667
62.3333
0
65.3333
0
0
69.6667
48.3333
67.6667
46
31.6667
69.6667
47.6667
40.6667
43
40
33
35.6667
54.6667
36
0
0
54.3333
0
65.3333
31.3333
36.6667
42.3333
26
0
27.6667
40.3333
0
44.3333

10000
10000
10000
10000
10000
10000
10000
10000
10000
10000
10000
10000
10000
10000
10000
10000
10000
10000
10000
10000
10000
10000
10000
10000
10000
10000
10000
10000
10000
10000
10000
10000
10000
10000
10000
10000
10000
10000
10000
10000
10000
10000
10000
10000
10000
10000
10000
10000
10000
10000
10000
10000
10000
10000
10000
10000
10000
10000
10000
10000
10000
10000
10000
10000
10000
10000
10000
10000
10000
10000
10000
10000
10000
10000
10000
10000
10000
10000
10000
10000
10000
10000
10000
10000
10000
10000
10000
10000
10000
10000
10000
10000
10000
10000
10000
10000

