12872
7208
12602.3
9587.67
15204.3
9847.33
9508
8792.67
8931
9128.67
8983.33
8591.33

1026.33
1139.67
834.667
873.667
1014.33
898
753.333
729.333
730.667
648.333
636.333
715.333

884.667
892
781.333
895.667
886.333
879.667
771
812
779.333
825
779
814

852.333
845
925
883.333
848.667
853.333
799.333
779.333
824.333
826.667
787
775.667

2058.67
2097.67
1517
224.333
1416.67
212.333
357
386.667
429.667
342.333
334
623.667

834.667
833.667
834
833.667
833
833
833
833
833
833.667
832.667
832.667

832.667
833
833.333
833.667
834
833.333
833.333
833.333
833
833.667
833
833.667

318.667
285.667
306
274.333
309.333
281
243.667
240.333
284.333
275.333
272
242.333

10000
10000
10000
10000
10000
10000
10000
10000
10000
10000
10000
10000

