2462.67
4425.33
3787.67
2753
0
1193.67
2132
2149
3615
0
2600
3770
3096
2621.33
2629
5617.67
1086
4532.67
3294.33
2646.33
2167
1131.67
3849.67
1935.67
2798
1779
2794
1164
2559.33
3406.67
4822.33
2109
2697.67
3220.33
2840.33
4111
3074.33
2423
3924
3583.67
3964.33
4379.67
2648
1537.33
3112.33
4469.33
3271.67
1867.33
4358.33
4451.67
3441
3671.67
0
4435
2074.33
2696.67
5654.33
3669
3173.67
3995
4568
3226.33
2674.33
1188.33
3246
3993.33
4437
3395.67
0
4384.67
4446
4562.33
4204.67
1354.67
4227.33
2057.33
1089
4469
2796
2968.67
4428.67
799.333
4615.67
1292.33
5513.67
4469.33
4024.33
2738.67
2670
2029
3759.33
317.333
4978.33
2045.33
2260.67
2836.67
3520.33
4833.33
762
1121.33
4350.33
4332
4257.67
4085.67
5173.67
4280
4091
2318.67
4480.33
4877.33
4635
1130
3575
3018.33
4731.33
3892.67
2327.33
2810.33
1198.67
1361
4010.67
4279.33
1484.67
5010.67
1253.67
2929.67
4622.33
3719.67

107
6.66667
85
57.3333
105.333
27.3333
111
101
39.3333
26.3333
563
63
14.3333
108.333
66.3333
21.3333
46.3333
43.3333
142.333
86.6667
16.6667
88
10.6667
31.3333
31
67
91
159.333
68.6667
48.6667
21.3333
75.6667
67.3333
55
76.6667
115
89
761.667
181
173.333
103.333
58.6667
14.6667
25
164.667
66.3333
51
68.6667
16.3333
76
157.333
83.3333
51.3333
40
28.6667
65
43.6667
25.6667
88.6667
32.3333
77.3333
90.6667
31.3333
41
85.3333
93
43.6667
125
70.6667
68.6667
58.6667
59.6667
33
77.3333
51
3.66667
10.6667
19.6667
11
5
29.3333
45.6667
13
56
63.3333
28.6667
36.6667
15
47.3333
7.66667
53.6667
46
36
13
62.3333
467.667
20.3333
22
20.3333
5.66667
21.3333
24
24
75.3333
25.6667
23.6667
45
32
144.333
15.6667
56.3333
740
51.3333
12
24
75.6667
148.333
60
21.3333
517.333
37.6667
9.66667
13
110.667
108.667
17
47
62.6667

90
104.667
92.6667
61.6667
68.6667
64
98
62
94.6667
100.667
38.3333
80.6667
80.3333
180.667
73.6667
96.3333
84.3333
137
33.6667
50
79.6667
75
97.6667
51.3333
62.3333
56
74.6667
90
98.6667
60.6667
131.333
62.6667
63.3333
38.3333
132.667
104
106
106
107
51.3333
92.3333
112
98
105.333
106.333
79.6667
105.667
134.667
92
132.333
40.3333
72.3333
116.667
118
92.6667
83.3333
68.3333
52.6667
115.667
16
52
94.6667
61
100.667
73.3333
120
94
58.6667
34.3333
52
71.3333
92
100.667
67
59.6667
66.3333
38
44
91
23.3333
93.6667
64.6667
72.3333
70.6667
99.6667
150.667
67.3333
77.3333
97.3333
115.667
91
38.6667
25
32.3333
55.3333
20.3333
54.6667
81.6667
92
77
64
48.6667
64.6667
59
94
59
35
72.3333
26.3333
118.333
105.667
26.3333
31.3333
110.333
11
139.333
42
61
35.3333
24.3333
87
64.6667
85.6667
70.6667
118
88.3333
71
140.333

93
52.3333
129
51.3333
80.3333
99.6667
120.667
46.3333
81.6667
82
97.3333
96
97.3333
123.333
105.333
76
107
45.6667
107
100.667
35
65.6667
53.6667
106
100.667
41.3333
69
73
53
68.6667
89
49
113.667
44.3333
56
107.667
98.3333
110
90.6667
94
74.3333
83.6667
116.333
47.6667
60.3333
50
76.3333
117.667
91
56.3333
56
72
72.6667
69.3333
67.3333
42.6667
47.6667
86
64.6667
42.3333
87.6667
125.667
68.6667
77.6667
79
88
56.3333
67
59
61.3333
117.333
47.6667
74.6667
53.6667
102.333
70.3333
114.333
78.6667
41.3333
47
50.3333
108.333
120.667
86.3333
39.3333
108.667
101.667
38.3333
50.3333
69.3333
63
85.6667
97
41.3333
80
78.3333
76.3333
53.3333
60.3333
68.3333
64
119
67.3333
98.6667
113
111.667
51.3333
39
88
55.6667
134.667
82
35.3333
120.333
86.6667
74.6667
61.6667
43.6667
82
98.6667
43
86
96.6667
114.667
75
111.667
83.3333
62.6667

84.3333
40
124.333
27
45.6667
83.6667
141.333
23.6667
103.667
85.6667
111
56.3333
50.6667
105.667
49.3333
53.3333
77.6667
65.3333
86.6667
81.6667
91.3333
150.667
108.667
59.3333
90.6667
33.6667
59
103
22.6667
99
57.3333
73.6667
67.3333
101.333
105.667
80.6667
136
115
135
62.3333
100.667
63.6667
68.6667
44.3333
108.667
82
105
106.667
99
97.3333
93.6667
13.6667
78
105.333
82
103
105.667
69.6667
100.667
57.3333
30.6667
129
62.6667
108.667
74.6667
67
97
107.667
133.333
120.333
14
55.6667
56.6667
43.6667
87.3333
19.6667
100.667
60
69.6667
72
158.667
69
60.3333
127.667
68
75.3333
50.3333
63.6667
101
35.6667
127
33.6667
88.6667
38.3333
31.6667
67
28.3333
74.3333
45.6667
56
93
108.667
67
94.3333
70.6667
60.3333
72.6667
74.6667
55.3333
83.3333
111.333
71.6667
26.3333
156
59.3333
71.3333
21
84.3333
44
40.6667
52
62.6667
98.3333
107
95
151.667
72.6667
49.6667

77
72
83.3333
77.3333
83.6667
83
82.3333
78
82.3333
77.3333
82.6667
77
78
77.3333
82.6667
77.6667
72
82.3333
82
71.6667
77.3333
72.3333
72
72
77.3333
73
77.3333
77.3333
77.6667
72
77.6667
82.6667
72.3333
77.6667
82.6667
77.6667
83
83
82.6667
82.6667
77.6667
77.3333
78
78
82.6667
78
82.6667
77.6667
77
77
77
77.3333
83.6667
77.3333
72.3333
77
83.6667
77.3333
72.3333
77.3333
77.3333
82.6667
82.6667
77.3333
77
77.3333
82.6667
82.6667
72
83
72.3333
77.3333
77
72.3333
77.6667
72
77.3333
72.3333
77.6667
72.6667
82.3333
77.6667
77.6667
77.3333
77.3333
82.6667
77.3333
82.6667
82.3333
82.3333
82.6667
77.3333
77.3333
72
78
77.6667
72
83
77
78.3333
77.3333
77.3333
82.3333
77.6667
77.6667
77.3333
77.3333
82.3333
82.6667
82.6667
77.6667
72.3333
78
82.3333
72.3333
82.3333
78.3333
77
77.3333
72.6667
77.6667
77.3333
77.6667
78
82
77.6667
77.6667
77.3333

82
69.6667
82.3333
82
69.6667
95
69.6667
69
82
94.6667
94
82.6667
82
82
69.6667
69.3333
94.3333
95
82
82
82.3333
82.3333
82
82
69.6667
94.3333
82.3333
69.3333
69.3333
69.3333
95
69.6667
82
82
69
82.3333
70
82.3333
69.3333
81.6667
69.6667
69
57
82.3333
82
69.3333
82.3333
94
69.6667
81.6667
69.6667
69.6667
82
95
69.6667
95
69.6667
82
94.3333
69.3333
82
82
69.6667
94.3333
69.6667
69.6667
69.3333
69.3333
95
69
69.3333
69
69.3333
82
82
57
82
94.6667
69.3333
69.6667
57
57
94.6667
69
82.3333
69.3333
82
56.6667
82.3333
82
94.3333
94
69.3333
82
69.3333
82
69.6667
69.3333
69.3333
82.3333
82.3333
69.6667
94.6667
82
94.3333
69.6667
57
69.6667
69.3333
69.6667
94.6667
69.6667
94.6667
70
69.6667
69.3333
69.6667
82
94.6667
69
94.6667
94.6667
69.3333
82
81.6667
82.3333
82
94.6667

40.3333
47.3333
0
0
36.3333
0
0
0
60
37.6667
0
0
0
39.6667
0
57
52
45
0
0
26.3333
33.3333
46
49.3333
0
60.3333
0
24.6667
39
73.3333
53.3333
36
0
59
0
0
0
0
47.3333
32.3333
0
0
26
41.3333
41.3333
0
37.3333
37.3333
0
0
0
0
43.3333
38
33.6667
31.6667
0
0
38
28.6667
0
39
0
0
35.3333
0
34
0
50.3333
0
36.6667
54
51.6667
36
50.3333
67.6667
56.3333
0
31.3333
35.6667
67.3333
48.6667
61.6667
0
38.3333
0
68.3333
51.6667
69
0
0
36
77.3333
0
38.6667
0
49.6667
73
45.6667
61.6667
0
0
0
0
52
0
0
32.6667
55.3333
0
59.3333
43.3333
53
0
0
0
0
0
32.3333
0
0
63
52
0
65
0
38.3333
29

10000
10000
10000
10000
10000
10000
10000
10000
10000
10000
10000
10000
10000
10000
10000
10000
10000
10000
10000
10000
10000
10000
10000
10000
10000
10000
10000
10000
10000
10000
10000
10000
10000
10000
10000
10000
10000
10000
10000
10000
10000
10000
10000
10000
10000
10000
10000
10000
10000
10000
10000
10000
10000
10000
10000
10000
10000
10000
10000
10000
10000
10000
10000
10000
10000
10000
10000
10000
10000
10000
10000
10000
10000
10000
10000
10000
10000
10000
10000
10000
10000
10000
10000
10000
10000
10000
10000
10000
10000
10000
10000
10000
10000
10000
10000
10000
10000
10000
10000
10000
10000
10000
10000
10000
10000
10000
10000
10000
10000
10000
10000
10000
10000
10000
10000
10000
10000
10000
10000
10000
10000
10000
10000
10000
10000
10000
10000
10000

