8781
9278
9903.33
11075.3
8633.67
7382.67
7394
5286

1412.67
1140.67
1475.33
1304
1206
1204.67
1095.67
1161

1248.67
1221.33
1235.33
1273.33
1221.67
1225.33
1263.67
1310.67

1045.33
1237.67
1286.67
1273.33
1334.67
1289.67
1293.67
1239

693
948.333
1002.33
631
1526.33
1545
2309.67
1344.33

1250
1249.33
1250.67
1250.67
1250.33
1249.67
1249.67
1249.67

1250.33
1250
1250
1250
1249.67
1250
1250
1250

396
418.667
429.667
441
422
416.667
430.333
378.667

10000
10000
10000
10000
10000
10000
10000
10000

