1676.33
1763
1585
1559.33
1764
1734
1745
1681.67
2812
1697.67
1585.33
1755.33
1905.33
1736.67
8356.67
7408
3235
5236.67
1687.67
1702
1608.67
1554.33
1750
1675.33
1919
1589
27491
1663.33
1640.67
1695.33
1842.67
1668

287.333
264
321
280
305.667
287.333
280
295
340
290
310.333
408.333
317.333
301.333
270.333
342.333
415.667
316.333
335.667
272.667
328
288.667
328.333
260.333
355
244.333
346
322.333
295.667
301.667
288.667
400.333

318.667
281.333
282.667
279.667
349.667
114.333
313
303.333
196.667
362.333
402.333
392.333
526
406
90.3333
95.3333
92.6667
88.6667
318.333
279.667
288.667
287
350.667
116
314.333
298
734
372.667
405.333
393.333
533.667
413

148.667
146.667
143.333
148
153
142.667
162
132.667
216
140.667
151
144.333
142.333
130.333
203.333
208.667
228.667
249
138.667
141
142.333
141
146.667
147.333
147
132
5181
140
130.333
147
140.333
134

250.333
230.333
172.333
297.667
269
247
187.333
161.333
371.333
261.333
245.333
223
492.667
278.667
429.333
647
270.667
261
339.667
426
291.333
182
157.333
129.333
153.333
239.333
1544.67
301.333
182.667
199.667
338.333
219.333

312.333
312.333
312.667
312.667
312
313.333
312.333
312
312.333
312.667
312
312.333
312.333
312.667
312.667
312.333
312.667
312.333
312.333
312.333
312.667
312
312
313
312.333
312.667
314
312.333
312
312.667
312.667
313

312.333
312
312
312.333
312
313
312.667
312.333
313
312
312.667
312.333
312.333
313
312.333
312.667
312.667
312.333
312.333
312
312
312.667
312
313
312.333
312
314.667
312
313
312.333
312.667
313

43.6667
29.6667
34
42
36.6667
33.3333
40.6667
28.3333
48
28.3333
32.6667
36.3333
42.3333
38
44
53.6667
43.3333
45.3333
45.6667
27.6667
32.3333
42.3333
33.3333
31.6667
41
29.6667
2171.67
31.3333
33.6667
30
44
38.3333

10000
10000
10000
10000
10000
10000
10000
10000
10000
10000
10000
10000
10000
10000
10000
10000
10000
10000
10000
10000
10000
10000
10000
10000
10000
10000
10000
10000
10000
10000
10000
10000

