1911.67
1769.33
2011.67
1924
1887
1886
2004.67
1972
4320.67
1994.67
2027.33
1767.67
1994.67
1908.67
1895.67
1815
1797.33
10493.7
1852.33
1952.33
2034.33
2072
1863.67
1788.33
1951
6076.67
2221
1894.33
1669.33
1711
1884
1892
1848.33
1664.67
1801.67
2260.67
2583.33
4290.67
2456.33
2406.67
2671.33
2542.33
13263.3
2580
12434.7
9175
2435.67
2603.33
2633.33
2393
12121
10439
10787.3
2471
2227.33
2572.33
2506.67
2362.33
2452.33
2360.33
2507.33
2557.33
2551.33
2637.33

147
152.333
124.667
180
146.667
127
107
137.667
185.333
131.667
275
167.333
160.333
177.667
186
158
131.333
226.333
112.333
134
156.333
152
163
161
200.667
117
181.333
168.333
116.333
144
132
138.667
163.667
178
102.333
125.333
167.333
150.333
160.667
177.333
182.667
192.333
156
133.333
171
191
133.333
165
142.333
147.333
148
128.333
208.333
174
172.333
153.667
125
131.667
164.667
129.333
148.667
177.333
141.667
159.333

80
102.667
101.667
82.3333
87.3333
95.6667
126.333
235.333
73.6667
97
87.3333
127
98.3333
144.333
87.3333
114.333
123.667
26.6667
80.3333
103.667
103.333
80
88
93.6667
129
25.3333
169
96.6667
89.6667
124.333
98
143.333
87.3333
114
123
79
306.333
232.333
359.667
246
217
230.667
46.6667
283.667
43.6667
124.333
267
293.333
274.667
346.333
44.6667
45.3333
36
229.667
80.3333
293.667
264.333
245.333
303.667
341.333
270.333
357.333
283
214.667

137.667
153
133.667
132
124
134.333
134.667
156
159
128
125.333
102.667
126.667
118.333
136.667
126.667
126.667
201.667
137
138.667
131.333
140
137.333
138.333
129
181.667
149.333
127.667
130.667
104
142.333
123.333
117.667
115
133
201.667
163
157.667
183.333
206.333
188
169
207.667
164.333
242.333
210.667
194
199.333
107.667
152
214.333
225.667
233
154.667
189.667
192
172
183.333
159.333
155.667
119
163.667
171
186.333

112.333
117
142.667
110
165.667
136.667
118.667
126.333
150.667
109
131.333
154.333
133
83
135.667
126.667
128.667
156.333
110
129.667
117.333
112.667
135.667
109.333
112.667
191
162.333
117
118.667
150
76.6667
151
98
157.333
118.333
150
201.333
179.667
149
176
187.333
208
241.333
157.333
306.667
252
244.333
171
162
170.667
245
282.667
225.667
175.333
193.333
134.333
182.667
141
206.667
161.667
125
172
139.667
152.667

156
156
156.333
156.333
156
156
156.333
156
156.333
156
156.333
156.333
156
156.333
156.333
156
156
156.667
155.667
156
156.667
156.333
156.667
156
156.333
156.333
156
156
156.333
156.333
156.333
156
156.333
156.333
156
156.667
156.333
156
156.333
156.333
156.333
156
156.333
156.333
156.667
156
156.333
156.333
156.333
156.333
156
156.333
156.667
156
156.667
156.333
156.333
156.333
156.333
156
156.333
156.333
156.333
156.333

156.333
156.667
156.333
156
156.333
156
156
156.333
156.333
156
157
156
156
156.667
156.333
156
156
156.333
156
157
156.333
156
156.333
156
156
156
157
156
156.667
156
156
156.333
156.333
156
156
156.667
156.333
156.333
156
156
156.333
156.667
156
156.333
156.333
156.333
156.667
156
156.333
156.333
156
156.333
156
156.333
156
156.333
156.333
156
156.333
156
156
156
156.667
156.333

50
32.6667
41
44.3333
51.6667
31.6667
36
35.6667
51
33.6667
27.6667
42
36
38.6667
34.3333
38
42
70.3333
44
35
42
41
48.3333
31.6667
34.3333
75.3333
47.3333
36.6667
24.6667
41.3333
39.3333
36.6667
32.3333
44.3333
41.6667
46.3333
57
44.6667
66
63.3333
69
49.6667
127.667
47.3333
82.6667
73.6667
66.6667
36.3333
85.6667
39.6667
102.667
123
102
47
47.3333
48.6667
57
67.6667
54.6667
37
76.6667
68.6667
54
58.3333

10000
10000
10000
10000
10000
10000
10000
10000
10000
10000
10000
10000
10000
10000
10000
10000
10000
10000
10000
10000
10000
10000
10000
10000
10000
10000
10000
10000
10000
10000
10000
10000
10000
10000
10000
10000
10000
10000
10000
10000
10000
10000
10000
10000
10000
10000
10000
10000
10000
10000
10000
10000
10000
10000
10000
10000
10000
10000
10000
10000
10000
10000
10000
10000

