9821
9374.33
8618.67
8107.67
11055.3
7980.67
9279.33
7333.67
8531
8665.67
6292.67
7646
7613.67
9022
7223.33
7624

665
652.333
574.333
632.667
588
564.667
676
525.333
747.333
611.333
659.333
594
635.667
582.667
614
677.333

667
631
592.667
593.667
687.667
648.667
631
618
591.667
629.333
609
590.333
614
630.667
640
625.333

643
649.667
637.333
659
650
653.333
619.667
635.667
616.333
601
584
641.333
577.333
592
620.333
620

703
764
450.667
436.667
418
493
992
259.667
1568
488.667
695
470.667
312.667
222.333
836
889.667

624.333
624.667
624.667
625
625.333
625.333
625
624.667
625.333
624.667
625
624.667
625.333
625.333
624.667
626

625
625
625
625
625
625
625
625
625
625
624.667
625
625
625
625.333
625

205.667
204
196.333
194.667
212.333
224.667
215.667
208
224
205
195
198.333
199.667
230
204
215.667

10000
10000
10000
10000
10000
10000
10000
10000
10000
10000
10000
10000
10000
10000
10000
10000

