676.25
1704.25
2690.5
702.5
2851.75
584.5
7219.5
1034
1758.5
1291.75
1858
889.5
946.25
1495.25
1027
2771.75
995.25
1167
1185
663
1033.5
3311.25
1046.25
1352
1169
1902.5
1070.75
1541.5
990.25
962.5
964.75
1060.5
2155.5
947.25
1140.25
756.5
1452
2441.25
620
837.75
953.5
3953
1313.75
3557
1093.5
1019.75
1106.75
2915.5
1710.25
1976.5
1195
1117
1141.25
966.5
717.75
1744.75
654
1188
603
709.5
337.5
2781
510.5
268.5
424.25
1976
330.75
455.5
627.75
468.5
4647
957.75
2168.5
716.25
1671
1108
426.25
460
500.75
581.25
459
1052.25
3717.75
451.5
706.75
562.5
1241
774.5
2933
795.75
410.5
465
381
1417.25
327
397

110.75
187.25
64.75
69.25
227
166.25
107
64
167.25
65.25
101.75
115.5
147.75
157
347.25
115.75
45.75
35
180.5
86
52.25
127
138.75
79.5
179
84
33.75
125
39.25
41.25
51.25
155.5
84.75
28.25
47
162.75
116
112
73.5
74.75
68
140.5
76
79
61.75
85.5
63
73.75
64.25
804.75
58.5
61.25
70.5
110.5
34.5
161.75
59.75
85
54.5
52
46.5
157.5
54
51.5
84
94.75
67.25
218.25
33.75
56
155.25
48
146.25
46.5
149.25
52.75
127
62
49
58.25
81.5
53
91.5
56.75
66.5
158.25
324.5
76.25
84
105.25
85
97
61.75
128.5
78.5
62.75

119.25
125.75
123.5
62
262.5
142.5
268
79
154.75
84.25
210
273.5
120
129.75
420.75
128.5
62.25
44.75
169.5
46
39.5
118.25
127
73.5
173.25
108
47.25
92
38.75
43.25
44.25
149.25
75.5
43.75
42.25
147.75
110.75
83.75
67.75
52.75
51.5
161
86.75
111.25
43.75
44.25
56.5
110.75
85
149
39.25
46.5
45.75
305.5
37.75
116.75
47.75
104
48.75
38.25
60
131.25
50.5
53
88.25
75.5
45.5
152.5
47.5
46
95.5
40.75
137.25
50.75
112.75
71.25
106.5
87.5
44.5
57.25
77
71
136
39.75
165.5
165.5
109
71.75
89
299
74.25
167
48.75
354.75
90.5
52.25

99.25
199.25
115.75
49.75
288.5
133.75
165.75
95
373.75
82.75
106.5
87.75
131.5
187.75
92.25
121.75
64.5
56.25
215.75
51
64.25
76.25
226.5
96.25
168
112
58.25
85.5
61.75
59
57.25
203
93.5
50.75
52.25
127.75
114
99.25
66.25
64.5
56.25
121.25
100.75
123.75
53.25
56
62.25
97.5
116.25
139.5
51.5
71.25
62.25
150
57.25
112.25
53
84.25
64.5
48
52.75
100.75
58.75
67.25
135
99.75
49.25
128.75
52.5
60.75
127.5
66.25
141
61.75
163.5
70.5
99
93
45.75
60.75
106.5
69.75
204.75
49.75
114.25
199.25
76
96
106.25
216
69
141
47
255.25
106
73

233.25
84.75
13.75
103
162.5
138
307.5
2
24.25
107.75
329.75
42.5
23.25
21
30.5
0.25
116.75
34.75
47.75
6.5
17
99.25
184
127.5
13.5
15.75
69
117.5
377.75
0.5
28
49
145.25
0.75
65
15
15.25
506.75
1.75
25
118.75
46
13
253.5
23
316.75
16.75
63
19.25
950.75
10.75
165.5
79.25
6
115.75
14.5
7
0
26.75
22.25
33.5
100.5
10.5
162.25
25
96.75
12.25
135.75
64.75
9
1.5
0.25
15.25
64.75
1287.5
27.5
13.5
19.25
55.25
14
282.75
3.75
237.25
20.25
4
1002
41.75
53.75
77.25
25
51
2.25
8.5
6
22.25
41.5

104
101
104.25
104.25
101.25
104.5
105.25
104
105
104
104.5
104.5
104.75
104.5
104.25
104.75
104
103.75
104.25
104
104.25
104.25
105.25
105.5
104.75
101
104.25
104.5
104
104.25
104
104.5
104.25
103.75
103.75
104.75
104.5
104
104
104.25
104
104.75
104.5
104.25
104
104
104
104.5
104.25
104.25
103.75
104.25
104
104.25
104
104
104.5
104.5
103.75
104
104.25
104.25
104.25
104.5
104.25
104.5
101.25
104
104.25
104
104.25
104.25
104.25
104.5
104.25
104.25
104
104
104.25
103.75
104.75
104
104
104
108.25
104.75
104
104.25
104
104.25
104
104
104.25
104.5
104
104

104.25
104.25
104
104
104.25
104
104.25
104
104.5
104
104.25
104.25
104
104
104.25
104.5
104.5
104
104.25
103.75
104.25
104.25
104.25
104.25
104
104.25
104.5
104.25
104.25
104
104.25
104.5
104
104.25
104
104
104.25
104.25
104.25
104
104.75
104.25
104.25
104
104
104
104.25
104.25
104
104.25
104
104.25
104.5
104
104.25
104.5
104.25
104.25
104
104.25
104
104.5
104.5
104
103.75
104
104.25
104
104
104.25
104.5
104.25
104
104
104.5
104.25
104
104
104.25
104.25
104
104
104.25
104.25
103.75
104.5
104
104.25
104
104
103.75
104
104.5
104.5
104
103.5

33
67.75
31.75
12.75
46.75
46.25
43
22.75
32.25
19.75
38
24.75
51.5
36.75
26.75
43.75
14.75
12.25
63.5
13.25
12.75
29.25
65.5
22.5
31.25
36
13.5
32.25
12.25
15
17.5
61.25
35
15.5
13.5
35.75
17.75
21.5
16.25
14
15.25
31.75
23.75
30.5
15
14.5
15
22
19
38
12.25
17
9.25
36.25
14.75
40.25
13.75
30.25
13.25
15.75
17.75
44.75
13.5
17
32
24.75
15.5
39.75
15
14.25
39.75
12.5
43.5
12
36.25
20.5
35.25
23
12.25
16.25
26.25
12.25
32.25
12
22.5
45.5
25
23.75
25.25
27.25
12.75
34
15
41.75
18.5
13.25

10000
10000
10000
10000
10000
10000
10000
10000
10000
10000
10000
10000
10000
10000
10000
10000
10000
10000
10000
10000
10000
10000
10000
10000
10000
10000
10000
10000
10000
10000
10000
10000
10000
10000
10000
10000
10000
10000
10000
10000
10000
10000
10000
10000
10000
10000
10000
10000
10000
10000
10000
10000
10000
10000
10000
10000
10000
10000
10000
10000
10000
10000
10000
10000
10000
10000
10000
10000
10000
10000
10000
10000
10000
10000
10000
10000
10000
10000
10000
10000
10000
10000
10000
10000
10000
10000
10000
10000
10000
10000
10000
10000
10000
10000
10000
10000

