3659.25
3258
4093.25
25946
4347.75
4016.25
4422
4362.75
4570.75
3816
3309.5
3638
3671.25
4163.75
3960.75
3646
3897.25
3729.25
4233.75
3952.75
3340.75
3816.75
3824.25
4197.75
4017.25
3721
4049.25
3963
4292.5
4061.5
3189.5
3503

268.25
212.25
320.75
1380
366
319
357.75
280
384.5
318.5
212
257.75
237.5
310.5
283
229.25
243
250.25
272.5
295
203.5
287
258.5
348
296
258.25
244.75
224.75
298.5
321.25
203
258.75

277.75
220.75
275.25
1715
307.25
257.25
279.5
242
321.25
311.75
265.5
274
269.25
339.5
254
201.5
234
225.25
286.25
278.25
261
268
252.25
338
267.75
210
220.5
242.25
294.25
310
241.25
259.5

301
234.5
275
1257.25
280.75
290.5
272.25
287.25
314.25
287.25
298.75
259.75
257.25
314.5
256.75
277.25
250
262.75
282.5
275.5
308
288.25
266.5
314.5
284
309
278.5
266.25
300.25
298.5
291
260.25

96.75
36
360.25
2525.75
1.5
5
11
157
89.5
14.5
6.5
2
20.25
942.5
32.5
1144.25
984.25
10
1390.5
207.5
7.75
3.75
101
243
183.25
370
24
22
886
96.25
25
0.5

312.25
310.75
312.25
319.75
312.25
312.25
313.75
311.5
313
312.5
311.25
311.75
311.75
313
312
312.5
311.75
312.5
312.5
314
311.5
312
311.5
312.25
312.75
311.5
313.75
311.5
312
314
311.5
312.5

312.25
312.25
312.75
317.5
312
312.25
313
312.75
312.5
312
312
312.5
312.25
312.75
312
312
312.5
312.5
312.5
312.25
311.75
312.5
312.25
312.5
312
311.75
312.75
312.75
312.75
312
311.75
312.75

60.5
61.25
83.75
334.25
74.25
59.5
67.75
71
99.25
78.75
61.25
58.25
82.25
104
66.25
56
47.25
62.5
84.75
72.25
52.75
60.75
73.5
102.75
63.25
53.25
55.25
64.75
94.5
77.25
54.75
62

10000
10000
10000
10000
10000
10000
10000
10000
10000
10000
10000
10000
10000
10000
10000
10000
10000
10000
10000
10000
10000
10000
10000
10000
10000
10000
10000
10000
10000
10000
10000
10000

