18132
4680
4759
5009
4645.25
4819.75
5083.25
5598.25
5939.25
5391.75
4983.5
5312.5
4672.75
4968.5
4585
4630.75

1085
593.75
509
550.75
553
533.75
601.25
698
738.25
676.75
638.5
665.75
555.75
585.5
513
502

1743.25
552.25
544.5
539.25
519
532.25
527.5
599.5
594
546.75
598
590.5
549.25
550.75
492.75
520.5

1279.5
505.25
508.25
597.25
549.75
514.25
514
652.25
706
694.25
691.25
648.5
517.75
557.25
546
518.5

2102.25
77.75
345.5
174.75
12.75
2665.75
1088.25
294.25
210.5
195.25
23.75
379.75
107.75
1343.5
408.75
569.5

623.5
622.75
624.75
625
624.25
622.25
624.5
626.75
627.25
628
626.5
626.75
622.5
628.25
624
623

630
624.5
624.5
624.25
624.5
624.5
624.25
624.5
624.75
625.25
625
625.5
624.5
624.5
624.75
624.75

290.5
145.5
144.5
144
146.75
137.5
150.25
148.5
153.5
146.5
168.5
157.5
140.75
148.5
141.5
135.5

10000
10000
10000
10000
10000
10000
10000
10000
10000
10000
10000
10000
10000
10000
10000
10000

