3036.75
4105
1892.75
1878.25
1823.5
1629
1929.25
1902.75
2639.25
2642.75
2267.5
1669
2492.25
2328.25
2523.25
1508.75
3209
1142.25
2034.75
2079
2560.25
1705.5
1537.75
1446.75
2533.75
2078
2261.75
1915
1587
2326.5
1260.25
1645
4428.25
1357
2182.25
2424.75
3867.5
3989.5
3027.5
1289
4607.75
3413
3474.25
3083.25
3373.75
2340
2666
1424.5
2517.5
1916.25
4060.25
3747.25
1745.25
1713.75
1762
1915
1362
2050.25
3982.5
2110
1742.75
1688.25
1306.25
1477
2099.5
2040.75
2355.25
3352.75
1659.5
1611.75
2366.5
1803.5
2206.25
2987
1798.75
3308
1674.25
1984.5
2153.25
1387.75
2841.25
1940.25
2116.5
4052.25
2198.75
2676.75
1462.25
1579.25
1383.75
1139
852.5
1605.5
888.75
1709.5
1861.25
3004.25
1641.5
2197
1898.25
1420.75
1732.25
1632.75
2006.5
1884.5
2356
1587.25
1432.25
1563
2075.75
1558.25
1471
1533
764.5
1892.5
3534.75
2256
1514.5
3022.75
2385
1463.25
2850.5
1837.75
2516.75
3178.25
4267.75
2374.75
1951.25
5932.75

113.5
73
49.75
52
63
63
64
31.5
280.75
90
105.75
64.25
103.5
99
62
54
42.25
120
56.75
59.5
51
43
41.75
58.5
95.75
55.25
74.5
58
41
35.25
75.5
68
121.75
30.25
53
105.75
344.75
68.25
70.75
63.75
78.5
68.25
72.25
78.5
153.75
49.5
69.75
43
78.5
43.75
121.75
78.5
57.25
142.5
68
48.5
42.5
92.5
108
88.25
65.75
48.5
72
55.75
60.75
61.25
84.25
67.25
121.5
64.5
68.75
79.75
59.75
96
37.25
97.5
72.25
54.25
51.75
63.25
97.25
77.25
58.5
103.75
55.5
84.25
40.25
43.75
49.25
78.5
65.5
39.25
68.75
89
61.25
85.75
52.5
81.25
37.5
31
53.25
36
164.25
51.75
94.75
166.5
40.5
30
75.25
182.5
102.75
67.25
96.25
53.25
85
74.5
31
102.75
116
94.75
56.5
43.75
66
93.5
111
54
296.25
92

56.25
68
68.75
57
56
80
52
79
61.25
65.75
64.5
61.5
86.5
79
62.75
46.75
56.75
49.25
65
61.25
58.25
69.75
51.75
55.75
129.75
49.25
51
46.25
56.5
134.5
52.25
52.5
72.75
56.25
44.25
76.5
380.75
113.5
58.5
97.5
48.5
190.25
74.75
127.25
195.25
56.75
81.75
59.25
616.5
43.25
76.5
76.75
61
62.25
58.25
55.5
36.25
69.75
86.25
82.5
64.25
70.75
49.25
59.25
66.25
51
52.75
47.5
87.25
97.25
71
62.75
69.25
179.75
40.5
53.5
58.75
43.5
78.5
58.5
72.75
58.5
48.75
80.25
35.5
67.75
49.25
58.75
60.75
44
50.75
50.25
48.5
74.5
78.5
76.25
101.75
78
61.25
71
64
58.5
221.75
49.25
160.75
68.5
49.5
44.5
49.75
63
60
49.25
50.5
65
89
89
52.5
73.5
80
61.75
59.75
57
69
82.5
198.75
65.75
82.25
113.25

75.25
104
54.75
47.5
59
71
86
77.25
75.25
66.75
67.25
50.25
144.5
69.5
83.25
63
70.75
69.25
71.25
62.25
77.5
75
61.5
72.75
65.25
60.5
63.25
61.5
45
110.5
71.75
111
99.5
65.5
61
82
109.25
111.25
74.25
213.5
64.5
127.5
91.75
90.25
128.75
54.25
100.25
62.25
63.75
55
75.25
83.75
76.25
72.5
63.75
64.25
66.25
96
107
80.5
70.25
49
45.5
63.75
60.5
68.25
62.5
58.25
82
86.75
74.5
72
76
98.5
44.5
56.75
63.25
60.25
112.5
51
80.75
88.25
47.75
92.25
56.75
82.25
58
70.25
61.5
55.5
51.25
52.5
66
76.25
117.25
69.25
75
77.25
74.5
64.5
57
66.5
129
57.25
132.75
151
55
88
63.75
78.5
52.75
55.25
72.5
80
135.5
110.5
53.25
58.75
76.25
123.75
74.25
61
83.25
82.5
108.25
87.75
115.75
133.5

35.25
172
0
19
51.5
33.75
42.25
0.5
71
47
8.5
87.5
574.25
4
44.75
202.5
0
93.75
15.75
126.75
35
14
115
0
27.75
19.25
1
76
208.75
3
28.75
27.25
217
1
2.25
33
251.25
393.5
78.5
9.5
155.25
1.25
80
215.75
1073.5
4.75
70
83
20
6.75
61
60.75
29.75
169.75
0
17.25
123
281.5
48
0
61
29.5
77.5
26.25
32.75
160.5
118.75
20.75
14.5
15
4.75
186
17.5
72.5
42.5
337.5
1.5
4
32
16.75
55.75
47.25
111.75
10.25
1.75
24.25
14.75
97.25
49.75
98.75
26.5
7.25
23
23.25
113.75
2.75
10.5
4.5
74.25
166.5
95.5
0
85
9.25
75
22.25
269.75
130
12.25
124
5.75
43.5
8
49.5
395.25
170.5
188.5
0.5
53.75
44.5
9.75
6
56
6.25
174.5
23.25
33.25
0

77.5
78
77.5
77.5
77.5
77.75
77.5
77.75
77.75
78.5
77.5
78.5
77.5
77.75
77.5
77.5
77.5
77.75
77.25
77.5
77.5
77.75
77.5
77.5
77.5
78.25
77.5
78
77.5
77.5
77.5
77.5
77.5
78.75
78.75
79.25
77.5
77.75
77.5
77.75
77.5
77.5
96.25
77.5
77.5
77.5
77.5
77.5
77.25
78.75
77.75
77.75
77.5
78
77.5
77.25
77
77.75
77.5
77.5
77.5
77.25
77.75
77.75
77.5
77.5
78
77.5
77.5
77.25
77.75
77.25
77.5
77.5
79.5
80
77.5
77.5
79.75
77.25
77.5
108.5
78
77.75
77.5
77.75
79.75
77.5
79.25
77.5
78.5
77.75
77.5
77.5
77.5
78
78
77.5
77.5
77.5
77.75
77.5
77.5
77.5
77.5
77.5
77.5
77.5
78
77.75
77.5
78
77.5
77.75
77.5
77.75
77.5
77.5
78
77.5
77.75
77.5
77.75
77.5
77.5
77.5
79.25
77.5

78.25
78
78.25
78
78
78.5
78.5
78.5
78
78
77.5
78
78
78.25
78
78
78
78
78
78
78
78
78
77.75
78
78
78.5
78
78.25
78.5
78
78.25
77.75
78.25
78
78
78
78.25
78.5
78.25
78.25
78
78.25
78.5
78.25
78
78.5
78
78.5
78
78
78.5
78.5
78.5
78.25
78
78.25
78
78.75
78
77.75
78
78
78.5
78
78
78.25
77.5
79
78
78.25
78.25
78.5
78.25
78.25
78
78
78
78
78.25
77.75
78.5
78
78.5
78
78.75
78
78
78
78.5
78.5
77.75
78.25
78.5
78.25
77.75
78
78
78.25
77.75
78.25
77.25
78.25
77.75
78
77.75
77.75
78
78.25
78
78
78
78.5
78
78
78.25
78
78
78.25
78
77.75
78
78
78
78.25
78.5
78.25
78.25

11.25
10.5
12
8.25
8
11.75
10.5
8.25
16.5
11.75
11.25
10
10.5
13.75
9.75
10.25
8
10.5
8.25
17.25
12
6.25
7.5
7.75
14.25
10.25
9.25
8.5
10
9
5.75
11
7.5
10
6.75
13.5
15.75
13.5
10.25
14.75
6.75
14.75
14.75
8.5
14.5
9.75
16.5
9.25
12
6.5
14.5
11.75
8.75
11.75
17.5
9.75
8.5
7.75
17.25
15.5
8.5
8.75
10.25
12.75
12
9.75
8.75
10.75
19
15
9
10.25
9.75
15.25
10.75
15.25
8.75
10.25
12.75
9.25
9.25
12
8
11.75
7.5
12.5
8.25
6.5
7.75
9.5
7.25
7.75
8.5
12.75
13.25
13
11.5
16.5
10.25
11.5
15
8.25
13.5
8.75
15.25
11
9.75
7.5
9.5
11.5
9.25
10
8.5
17
13.25
1095.25
10
15.5
13.5
11
10
11.5
15
9.25
14.75
8
14
14

10000
10000
10000
10000
10000
10000
10000
10000
10000
10000
10000
10000
10000
10000
10000
10000
10000
10000
10000
10000
10000
10000
10000
10000
10000
10000
10000
10000
10000
10000
10000
10000
10000
10000
10000
10000
10000
10000
10000
10000
10000
10000
10000
10000
10000
10000
10000
10000
10000
10000
10000
10000
10000
10000
10000
10000
10000
10000
10000
10000
10000
10000
10000
10000
10000
10000
10000
10000
10000
10000
10000
10000
10000
10000
10000
10000
10000
10000
10000
10000
10000
10000
10000
10000
10000
10000
10000
10000
10000
10000
10000
10000
10000
10000
10000
10000
10000
10000
10000
10000
10000
10000
10000
10000
10000
10000
10000
10000
10000
10000
10000
10000
10000
10000
10000
10000
10000
10000
10000
10000
10000
10000
10000
10000
10000
10000
10000
10000

