4021.25
3808.75
12671.5
5908
5572.75
5074.5
4113
6299.5
8111.5
5707.25
4401
3884.25

592.75
568.75
1084.75
1007.5
830.25
808.75
720.75
919.25
1401.5
827.25
678.5
560

675.75
583
1311.5
875.25
789.75
780.25
659.5
858.75
1355
781.75
741
588.5

637
600.25
980.25
950.75
745.75
851
707.75
912
1379.5
838.5
817
580.25

589
866
856.25
1013.5
1599.5
130.75
341.25
358.75
1117.75
50.75
785
2291.5

829.25
825.5
834
836
831.75
837.25
832
838.75
839.75
834.5
834.5
826.75

830.5
828.75
838.25
835
834.25
833.5
832.25
836
833.25
835.5
833
830.25

175.25
156.75
250.25
251.75
240.5
191.75
191.5
238.5
239.25
233.25
180.5
150.5

10000
10000
10000
10000
10000
10000
10000
10000
10000
10000
10000
10000

