1268
1527.75
1459
6925
2283.25
1516.5
1463
1228.5
1310
2951.25
3195.5
1390
1295.5
1343.75
1321
1560.75
1366.5
3342.5
1481.75
1261.25
1347
1478.75
1155.25
1545.5
1685.5
1456.5
1480.25
1362.75
4106.75
1264.25
1292.5
1487.75
1180.5
1300.75
5417.25
5713.25
1553.5
1299.5
1383
3889.25
1297.75
4370.5
6470.75
10237.5
2313.5
3306.5
744
767.25
4029
774
13009
657
4182.5
1539
2947
3234.25
752.5
1452.75
818.75
8019.25
3199
4271.75
4385.75
3553.75

73.25
59.25
73.25
327.25
150.25
60.5
55.5
53.75
54.5
191.75
124.75
76.75
79.5
55
52.25
90.5
85.25
181
71.25
187.5
89.25
77.25
50.5
83.75
148.5
59.25
45.25
77.5
324.5
58.75
70
87.25
77.25
74.75
179
407.25
64.25
87.25
89.25
161
85
584.5
342
490.75
157
272.25
58.75
61.75
277
74.75
665.5
65.5
221.5
126.75
267.5
272
52.5
79
69.5
210.5
159.25
299
228.75
464.25

66.25
50.5
64
377
225.5
66.25
50
58.25
58
211.25
199.25
62.25
53
31.5
53.5
48.25
46
321
59.5
61.25
54.5
48.5
52.5
45.5
192.25
51.5
41
57.5
284
62
65
66.75
58
56.25
193.5
363
55.75
49
67.25
624.25
63.25
539.5
327.75
304.25
169.25
353.25
62.75
65.25
258.25
55
647.25
60
252.5
173.25
215.5
230.75
54.75
50
63.5
207
191
389.5
235.75
380.25

63.75
67
57.75
287.25
172.5
58.5
56.5
49
58
234.5
209.75
60.25
72.5
54.5
61.25
60.25
67
264.25
54.75
62.5
73
60.5
65.75
53.5
175.75
71.75
57
61.75
393.75
72.25
72.25
65.75
61.5
52
257.75
253.25
59.25
62.5
58
190
54
379.75
475.5
375.25
208.25
431
61
68.25
534.75
59.5
661
59
208.25
184.75
245.25
203.5
60
59.25
63.25
232
231.75
418.5
249.5
187.75

33.75
0.75
10
184.75
30
31.5
11
18.75
3.25
237
1019.25
5.25
2.25
20.5
22
10.5
23.5
11.25
0.25
4.75
86
153.25
2
6.25
8.25
30.25
25.25
3.25
24.25
3
7.75
2.75
0.5
23.5
15.25
625.5
54.75
6.25
9.25
98.5
4.75
1283.75
494.25
0.75
167.5
130.5
524.25
2
1872.25
1.5
1217.5
6
11.75
38.75
24
87.75
191.5
22.25
8.5
757.5
115.5
49.5
108.5
13.5

155.25
155.75
155.75
160
156
156.5
154.75
159.25
154.75
155.25
157
156
155
155
156
155.5
155
156.25
155.5
155.25
154.5
156.5
155
156.25
157
156.5
154.75
155.75
157.5
154.75
154.5
155.75
156.5
155
155.25
155.5
155.5
155.25
155.75
156.75
155.25
156.75
156
157.25
158.5
156.5
155.25
154.75
157.5
155.25
157.5
157
157.25
156.75
158.5
157
154.5
154.75
155.75
156
157.75
157.25
155
168

155.75
156.25
156
157
156
156.25
156
156
156
156.25
156.5
156.25
156
156
156.25
156.25
156
156.25
156
156
156.25
156.25
155.75
156.25
156.25
156
156.25
155.75
156.75
156.25
156
156
156
156
156.5
156.75
156.25
156
156
156.5
156
157
156.25
157
156
156.75
156.25
156
156.5
156
156.5
156.25
156.75
156
156.5
156.75
156.25
156
156
156.25
156
156.75
156.75
156.75

20.75
19.25
19.25
71.75
30.25
17.25
14.75
21
18.75
78.5
43.75
18.75
18.75
13.75
15.75
12.5
18
77.5
20
18
15.5
19.5
13
14
21.25
15.75
18
18.75
103.25
16
18.25
19.25
17.75
16.25
16.25
162.5
21
16
18.25
41.5
15
87
102
158.5
28.25
78
14.5
18
146.5
17.75
74.5
19
42.5
26.75
81.75
42
15.5
19.75
20.5
34
29.5
87.5
87
83.75

10000
10000
10000
10000
10000
10000
10000
10000
10000
10000
10000
10000
10000
10000
10000
10000
10000
10000
10000
10000
10000
10000
10000
10000
10000
10000
10000
10000
10000
10000
10000
10000
10000
10000
10000
10000
10000
10000
10000
10000
10000
10000
10000
10000
10000
10000
10000
10000
10000
10000
10000
10000
10000
10000
10000
10000
10000
10000
10000
10000
10000
10000
10000
10000

