1825
1895
1601.75
1671.25
21261
1781
1594.5
1963.25
1992.25
16280.5
1841.25
1854.25
1640.75
1768.5
1885.75
1732.75
1796
1865
2063.75
1685.75
1705.75
1812.75
1558.25
1919.25
1745
1730.75
1752.25
1544.75
1863.25
1521.5
1740.5
1539
1794.25
1790.75
1636.75
1787.5
7602.25
1562.75
9827.5
1658
15346.2
13110.5
10854.8
1905.75
1580
1795.75
8971
16702

105
143
71.25
117.5
1016
87.75
151
108.25
99.5
884.75
111.25
100
92.25
82.5
103.25
131
126.5
82.25
128
116
95.5
102.75
89.5
86.75
93.75
75.25
100.5
111.75
92
101
73.25
99.25
106.75
110.25
116.5
104
427
95.25
512.25
123.75
1035
506
446.75
103
90
86
427.25
732

87.75
86.25
92.25
84
1044.5
85
91.25
82.5
87.75
849.5
84.5
78
86.75
91
71
88
86.5
74
67.25
84
86
85.25
91
74.75
76.75
65
65.25
75.75
65.5
84.25
78.5
95
85.5
84.25
78.25
72.75
322.25
111.25
625.25
88.25
1021.75
581.25
793.25
79
88.5
89.25
621.25
913.25

83.5
92
90.25
94.25
988
89.5
88.5
92.75
88.25
816.5
88.5
89.75
87
84.25
76.25
82
91.25
88.25
85
82.5
90.75
88.25
84
86.25
76.75
96
84.75
90.75
78.5
87.75
81.5
88.75
78.75
78.25
85.5
84
373.75
148
577.25
90.25
992.25
694.25
625.5
87.25
82
81.75
539.25
969.75

0.75
9.5
1
19.5
15.5
2.75
60.25
4.75
4.75
779.25
11.75
0.25
1.25
10.25
10
80.25
6.5
7.5
8.75
41.5
93.75
17.5
3
0.75
8.75
1
106
7.75
4.25
5.75
16
20.5
5.25
48
4.25
15.25
7.75
482.5
48
0.5
2157
2552.25
1248.5
6.75
8.25
12.25
1261
781.5

209.25
207.75
217.25
211.5
208.25
207.5
206.5
209.75
206.75
206.5
206.75
212.25
206.25
210
207.25
207.75
208
210.5
209.5
206.25
206.75
206.25
207.75
206
209.25
207.5
213
207.5
208
209.5
210
205.75
207.75
208
207
206
208.5
206.25
209.75
207.25
207.75
209.5
209.75
211
205.5
206.25
209.5
207.75

208.25
208
208
208.75
209
208.25
208.25
208
208.25
209
208.25
208.25
208
208
208
208
208.25
208
208.5
208.25
208
208.25
208
208.5
208.25
208.25
208.25
208.25
208.25
208
208.25
208.25
208
208
208.25
208.25
209.25
208.75
208.5
208
209
209
208.75
208.25
208
208
209
209.25

30.75
21.5
28.75
33.25
194.75
27.25
24.75
28.25
34.25
394.25
26
24.75
30.75
32.75
26.75
31.25
24.5
24.5
23
25.25
28
28.5
28.25
23.5
20.75
26.25
22.75
29.5
29.25
30.5
27.75
26
30.5
29.75
24
27.75
21.5
25.25
96.75
28.5
307.75
124.75
76.5
32.25
24.5
26.25
88.25
127.25

10000
10000
10000
10000
10000
10000
10000
10000
10000
10000
10000
10000
10000
10000
10000
10000
10000
10000
10000
10000
10000
10000
10000
10000
10000
10000
10000
10000
10000
10000
10000
10000
10000
10000
10000
10000
10000
10000
10000
10000
10000
10000
10000
10000
10000
10000
10000
10000

