2624.5
1946.25
3041.5
1573.75
1262.25
2427.75
1360.5
2262
2107.5
2801.5
7129
4774.75
3116.25
1999
2801
2342.5
2837.5
2095.75
2246.5
2353.5
2150.75
2338
3088.5
2076
1946.75
2614.5
3004.5
3775
2770.5
2036.25
1882.5
2391
2180
1741.75
1206.25
1530.25
4376
2392.25
2390.25
2328.25
3542.25
5913.25
1201
1204.25
2612.75
1811.5
2765.25
712.75
2060
1441.5
1763.75
1019.75
1742.5
1524.5
1799.75
2909.25
1368.75
1084.75
1297.5
1763
869.75
1419.25
2785.25
1758.75
1903.25
1506.25
2696.5
3471.75
1835.25
1620.75
3309.25
2298
2050.25
892.5
1550
2261.75
1895.75
2406
2251.5
3155
2703.25
4868.75
7077.75
1687.5
1592.75
3699.25
2966.25
2298.25
2850
1554.25
1442.75
1959.25
2653.25
2003.75
2435
1194
1172.75
1046.25
904
1912.25
3562.75
845.75
3101.75
1206.25
1534.25
5717
1100.75
2002
956
1104
2016.75
1133.5
1139.75
1620
1566.75
791.25
1564
930
1295.25
1159.25
1244.5
2422.5
1836.25
1787
2617.25
861.5
1510.5
4255.25

44.25
55.25
55.5
132.75
52.75
52.25
60.25
74.25
49.25
164
168
145
93.75
41.5
59.25
67
74.25
63.25
116.75
44.25
52.25
42.75
126.75
65.5
96.25
44
49.75
104
48.25
32
92.75
59.25
57.25
52.5
39.75
121.25
60.5
67.25
44
114.5
84.75
109
62.75
60.75
48.5
46.75
69.75
66.5
37.5
194.5
90.25
43.75
67.75
67
77
60.75
91.5
87
29
55.5
68
71.25
71
55.75
78
70
66.75
135
37.25
48.75
98.75
73.75
126.25
71
45.25
32.25
354.25
79.75
138.5
122
43.5
38.25
174.25
95.5
39.75
144.25
110.75
73.75
79.25
86.25
89.75
78.25
50.75
69.5
52.25
65.5
85.5
75.5
48.5
46
148
52
77.75
92
38.25
205.25
60.5
68.25
87
86.25
89.5
85.25
58.5
39.5
120.25
61.75
57.5
88.5
60.25
53
66.5
116
43.5
52.5
63.25
48.75
57.5
98

51
53.75
56.75
100.5
50
53.25
51.25
51
56.75
320.5
94.75
282.75
88.5
43.25
52.5
41.5
73.5
74.5
106.25
59
53.25
54.5
78
46.25
80
49
44
100.75
47.75
44.25
70.75
43.25
50
53
42.25
68.75
51.5
67.25
49.5
246
83.5
108.75
47.25
60.25
62
42.5
62
67.25
65
70
61
57.5
70.5
67.5
56.75
43.75
189
48
58.25
44
55
51.75
196.25
42.25
64
50.25
39.25
93
52.5
56.25
60
64
86.5
47.5
52
53
330
60.75
144.25
92.5
95.75
190
71
41.25
44.75
64.5
58
56
51.5
66.25
46.5
160
90
62
54.25
59.5
53.75
44.75
51
52.25
108.75
47
94
74.25
76.5
124
48.5
58.5
50.25
59
207
57.25
60.75
59.75
279.75
57.25
46.25
53.5
52.25
52
82.25
285.75
48.5
50
72
53.25
67.5
104.25

65
58
73.25
89.75
60
74.5
73.75
61
66.25
155.5
116
118
87
57
72.75
70.75
116
75.5
101.25
72
52.75
69.5
72.25
58.25
101.5
67.5
53.25
109.75
62.25
45.75
79.75
60
60
61.5
45.25
66.5
63.75
57
63
121
75.75
122
66.75
65.75
82.75
57
101.75
64.5
124.5
62.75
77
66.5
78
54.75
59.5
56.5
237.75
61.5
60.75
60
53.5
53
109
51
73.75
61.75
68.75
131.5
55
67
91.75
63.75
115.75
49.75
65.5
61.75
67.5
79
85.75
79.25
77.75
115.75
69.5
60.5
54.5
78
87.5
60.5
68
66.5
61
108.75
66.5
55.5
66
72.75
70
68
61.5
52.5
128.5
64.5
123.25
66.75
195
127
66
93.75
75
64
116.75
57.75
61
60.5
93.75
77.5
60
71.5
70
58
89.5
141.25
66.25
69.25
76
63.75
76.5
112.5

10
148.75
24
36.75
409.5
125.5
0
5.25
0
216.25
302.75
27.5
17.5
13.25
98
853.5
358.5
4.75
6.25
20.75
4.25
147.25
9.75
21.5
82.75
8.5
39.75
644.25
17.75
20
64.25
27.25
518.75
7.5
6.25
39.5
178.75
0.5
2.25
32.25
79.25
55
8
2
124.25
200
6.25
224.5
34.5
0
2.5
12.25
1.5
0
36.75
16.25
2
0.5
37.25
216
0.25
148
33.75
0.75
4.25
28.5
16.5
6.5
153.5
0
3
25.5
94
14.75
0
24.75
227
0.25
57.75
185.25
42.5
75.25
99.25
33.5
1.25
6.5
46.5
0
5.25
0.25
304
214
42.5
76.5
217.5
39.5
6.25
3.75
79.75
10.5
288.25
92.75
217.75
123.5
187.5
0
10.5
148.25
0.5
58
0.25
6.75
3
0
114.75
10.5
223.5
6.75
33
30.5
152.25
6
94
159.25
1
0.25
69.5
22.5

80.75
75.75
75.75
80
75.5
75.5
80.75
75.5
80
75.75
75.75
75.5
80.75
80.25
80
80
80
80.25
81
79.75
75.75
75.5
76
80.25
76.25
80
80
80.75
80
80
80.5
75.5
75.75
80.25
75.75
75.5
80.5
75.5
80.25
80
75.75
80.5
75.75
75.5
75.5
75.75
76
81
75.75
80
80.25
75.5
75.5
80.75
80
80
76.25
80.5
75.5
75.5
80
75.5
75.5
75.5
80.25
75.75
75.5
80
75.5
80.25
81.25
75.5
80
75.5
79.75
75.5
75.5
80.5
76
75.5
79.75
80.75
75.5
75.5
79.75
75.5
75.5
80
80
80
80.75
75.5
75.5
79.75
75.5
79.75
75.5
80
80.75
80.25
80.5
75.5
80.75
76
75.75
80.5
80.75
80
76
80.5
75.75
80
76
80.25
80.25
80.25
80.5
75.75
79.75
80
75.75
80
75.75
80
79.75
79.75
75.5
80.75

78
78
77.75
78.25
78.5
78.5
78
78.5
78.25
78
78.25
78.25
78
78
78.25
78.5
77.75
78
78
78.25
78.25
78
78
78.25
78
78.25
78
78.25
78
77.75
78
78
78
78
77.75
78.25
78
78
77.75
78.5
78
78
78
78.25
78.5
77.75
78.25
78.5
78.25
78
78
78.25
78
78.25
78
78
78.25
78
78
78.25
78
78.25
78
77.75
78
78.25
78.25
78.25
77.75
78
78.25
78.5
78.5
78
78
78.5
78.5
78
78.25
78.25
78
78.5
78.25
78
78.25
78
78
77.75
78
78.25
78.25
78.75
78
78
78.5
77.75
78.25
78.25
78.25
77.75
78.25
78
78.25
78.25
78
78.25
77.75
78.5
78.5
78
77.75
78
78.25
78.25
78
78.5
78.25
78.25
77.75
77.75
78.5
78.25
78
78
78
78.25
78
78

17.5
18.5
15.75
22
18
32.25
18.25
14.5
16.5
38.5
34.75
28
24
15
10.5
14.25
23.75
16
25.75
12
13.75
15.25
50.25
14
32
15
11
22.25
17.5
15
25
57.75
14.25
12.5
13.75
34.75
15.25
11.75
11.25
23.5
37.5
20
13.25
17.75
19.5
17
19.5
12.75
34.25
14
13.75
9.5
17.25
12
15.75
18
43.25
13.5
11.75
15.25
11.5
11.5
27
10
11
19.25
15.75
27.5
12.5
14.75
32.5
15.75
37.75
14.5
14
12.25
19.25
12.25
21
37.25
19
37.25
24.5
31.75
10.25
26.75
13.75
10.5
10.75
14.5
15.5
26
15.5
9
20.5
14
14.75
14.75
12.75
15.75
35.5
14.5
36
17.25
18
61.25
11.25
17.75
11.25
17.5
27.5
13
19
11.25
21.5
25.5
17.25
13.5
14.25
12.75
13.25
19.75
12.5
11.75
24.75
12.25
16
22

10000
10000
10000
10000
10000
10000
10000
10000
10000
10000
10000
10000
10000
10000
10000
10000
10000
10000
10000
10000
10000
10000
10000
10000
10000
10000
10000
10000
10000
10000
10000
10000
10000
10000
10000
10000
10000
10000
10000
10000
10000
10000
10000
10000
10000
10000
10000
10000
10000
10000
10000
10000
10000
10000
10000
10000
10000
10000
10000
10000
10000
10000
10000
10000
10000
10000
10000
10000
10000
10000
10000
10000
10000
10000
10000
10000
10000
10000
10000
10000
10000
10000
10000
10000
10000
10000
10000
10000
10000
10000
10000
10000
10000
10000
10000
10000
10000
10000
10000
10000
10000
10000
10000
10000
10000
10000
10000
10000
10000
10000
10000
10000
10000
10000
10000
10000
10000
10000
10000
10000
10000
10000
10000
10000
10000
10000
10000
10000

