6056.25
967.75
4124
5062.75
1037.75
1127.75
2618.5
1007.25
1024
1225.75
3468.5
10163.2
1043.5
1025.5
1003
6907.25
1137.5
1069.5
930.75
1110.5
1093.75
920.75
2422.75
981.75
9024
951.75
2388
961
906.25
1123.25
2342
989.5
876
987.25
3233
7869.25
13448.2
924.25
4854.25
2148.75
1109
957
4992.5
4219
3316
534.75
5773
653.75
470.25
1062.75
690.75
658
548.5
2634
2747.75
7605.25
716.75
1062.75
649.25
6857.5
700.25
689
2855.5
3688.75

386.25
53.5
167.75
343.5
89
54
274.5
64.5
67.75
47.25
240.75
676.25
54.5
46
72
455.5
59.25
49
46.25
56
57
54.75
160.5
56.75
393
66.25
185.75
54
67.75
71
104.75
64
63
33.25
212.75
336.75
635.75
48.75
396.5
112.5
45.75
71
268.75
165.75
272.25
57.75
536.75
70.25
37.25
78.25
42.25
75.5
40.75
91.75
177.5
442.5
41
70.75
39.5
547.25
37.75
34
142.75
134.75

391.25
61.75
153.25
229.75
61.75
43
227.5
50.5
61.5
60
221
702.5
69
69.25
62.5
285.25
57.75
32.25
50.5
63.75
66
58.75
141.5
58
345
43
265.5
71
54
73.75
156.5
63.75
57.25
63
384.25
279.25
721.25
52.25
231
157.25
58.5
58
306.75
157.25
228
70
306.25
67
54.25
62
53.5
48.75
57.75
186
311.75
452.75
61
52.25
43.25
536.75
45
40
183
264

434
59
134.25
326.25
59.5
60.75
264
51.5
57.75
52.25
186.25
423.5
47.75
57.75
53.75
323.5
56.5
43.75
51
51
55.5
51
131.25
57.75
403.25
55.25
178
50.75
52.5
49.5
157.75
50
47.75
58.5
418.5
209.5
731
48.5
348.75
171.5
68.75
48.25
432.5
134.75
198.25
59
237.75
61.5
49.25
65
47.75
63.25
54
191.75
300.25
379
54.75
56.5
50.75
498.25
57.5
61
237.25
472.5

1845.5
1.5
56.5
244.75
277.25
1.25
0.25
6.5
5
5.25
8.25
57.25
7.75
0.5
42
47
6.25
3.25
11
2
1
7.5
118.5
32.25
225.5
5.75
555
12.25
24.5
14
13.25
5.25
2
0.25
544.25
816.75
323
48.5
886.25
2
15.75
1
413
14.5
11
0.5
52
33
105.75
4
30.25
2.5
0.5
99
1246
458.25
6.5
6.25
27.75
221.5
2.5
16.75
743.75
221.25

157.25
156.25
156.75
157
155.5
156.25
155.5
156.5
156
155.5
155.5
156.25
156.75
155.75
156
157.25
156
156.5
156.25
155.25
156.5
155.25
156.5
155.25
157.25
156
156.25
157
155.25
155.75
156.75
155.75
156.25
155.25
157.5
155.75
157
156.5
155.75
156.5
156.25
155.75
157.25
156
156.75
155.75
157
155.5
156.75
156
155.75
156.5
155.5
156.75
156.5
157
156.5
155.5
156
157.25
156
156.25
156.25
157.25

156.5
156
156
157
156.25
156
156.25
156
155.75
156.25
156.5
157
156
155.75
156.25
156.5
155.75
156.25
156.5
156.25
156.25
156
156.75
156.5
156.5
156
156.5
156
156.25
156.25
156
156
156.25
156.25
156.5
156.5
156.25
156
156.25
156
156
155.75
156.75
156.5
156.75
156.25
156.5
156
156.25
156.25
156.25
156
156
156
156.75
156.5
156
155.75
156
157
156.25
156
156.25
156.5

103.75
18
29.5
152.5
15
16
29.25
13.25
14.5
17.5
28.75
84.75
11.25
17.25
13.5
137.75
16.75
14.75
16.5
16.25
12.75
11
27.5
13.75
104.5
12.75
26.5
20.5
14.75
14.75
36.25
12.5
18
14.5
131.75
23.25
119
14.5
13.25
24.25
15.75
13.5
130
25.75
73.75
12.75
147.25
17.25
14.75
13
14
16
12
22
71.5
146
17.75
17
15.25
142.5
19.75
15.75
12.75
81

10000
10000
10000
10000
10000
10000
10000
10000
10000
10000
10000
10000
10000
10000
10000
10000
10000
10000
10000
10000
10000
10000
10000
10000
10000
10000
10000
10000
10000
10000
10000
10000
10000
10000
10000
10000
10000
10000
10000
10000
10000
10000
10000
10000
10000
10000
10000
10000
10000
10000
10000
10000
10000
10000
10000
10000
10000
10000
10000
10000
10000
10000
10000
10000

