4066.25
3985.5
5485.5
5497.75
5506.25
11288.2
4162.75
5369.5
5777.5
5459.75
7539
4399.25

556.75
588.25
843.5
897.25
965
1096.5
599
833.25
921
870
1133
696.5

640.25
626.5
805.5
794.75
811
1268
633.75
802.5
831
803
1288.75
695

626.5
624.25
864.75
748.75
863.5
1054
657.25
809.25
803.25
876.5
1360
712

82.25
1866.75
331
415.5
2532.25
499.25
1029
1192.75
755.25
38.5
993.5
264

829.75
831
833.5
834
837
819
833.25
833.5
837.75
837.5
838.75
835

829.25
831
834.25
832.75
834.5
837.75
831.5
832
834
834.5
836.75
832

169.75
168.5
234
259.5
241.5
182.75
173
230.5
256
230.25
172.25
181.75

10000
10000
10000
10000
10000
10000
10000
10000
10000
10000
10000
10000

