4387.25
4482.5
5090
4840.5
5676.5
5631
6088
5001.5
5530.25
6069.75
4881.75
5211.5
5021.25
4752.75
6218.5
5155.75
5121.5
5737.5
4663.75
5736.75
4778.5
5408.75
5303.5
5293.5
5862.75
5177
5613
5294.5
5258.75
5730
4682.75
5021.5

265.75
247.75
411.25
325.75
352.5
383
407.5
355.75
374
394.5
253.5
294.5
327.25
249.5
360
283.25
293.25
374.5
246.5
317
286.75
332
321.75
270.5
320.75
287.75
296
282.5
252
324.75
228
280.25

248.75
237
321.5
289.25
359.25
287
1200
311.25
281.75
379.25
285.5
323.75
309.75
275.25
293.75
227.25
263.75
263.75
276.75
320.25
289.75
315.25
245
249.75
268.5
234.75
277.75
257.5
252.5
286.5
266.75
301.25

260
277.75
290.25
288
327.5
309.25
787.5
287.75
285
316.5
305.25
316
269.5
281.5
309.25
293
311.75
303
296
289.25
328.75
309.75
286.75
289.5
304.5
313.5
294.5
279.75
294.25
290
303.25
301.5

1.75
4.75
159.75
148.5
113.25
1811.5
31.25
52
4.5
10.5
671
118.75
7.25
142.75
4.5
216.5
558.5
12.5
357.5
169.5
4.75
572.5
841.75
190
126.75
577
5
2.25
1178.5
345.75
4.75
1554.5

310.5
310.25
310.25
312.5
312
310.5
311.75
312
311.25
311.75
313
314
321
312
313
313.5
311
312.25
310.25
312
311.25
313
310.75
309.75
312.5
313.75
315.75
313
313
315
312
315.5

312.5
312.5
312.25
312.5
312.75
312.5
313
312.5
312.75
312.5
312.5
312.25
312.25
313
312.25
312.5
312.5
312.25
312.75
312.75
312.25
312.75
312.5
312.25
312.25
312.5
312.75
312.25
312.25
312.5
312.5
312.5

75.5
70.25
101.25
91.75
98
68.75
71
88
83.5
101
68.25
69
91.75
86.75
88.75
59.5
58
78.75
85.25
91.75
71.75
76
76.25
77.75
78.5
53.25
57.75
86
74.75
82.75
66.25
72

10000
10000
10000
10000
10000
10000
10000
10000
10000
10000
10000
10000
10000
10000
10000
10000
10000
10000
10000
10000
10000
10000
10000
10000
10000
10000
10000
10000
10000
10000
10000
10000

