4476.5
5153.75
4919.5
19029
5084.5
4547
5432.75
5129.75
6446
5509.75
4690.25
5765.5
5586
5678
5037.25
4589.25

523
578
509.75
1185
576
505
538.5
531
780.5
677.75
578.5
693.5
659
607.5
512.25
544.75

518
558
534.25
1637
536.5
484.75
568.25
524
652.25
633.75
546.5
606.5
590
586.25
535.75
488.25

500.75
557
537
1230.5
515
516.75
541.75
543.5
708.5
674.5
639.75
690.5
685.25
602.5
527.75
529

70.5
1368
21.5
4739
156.5
104.75
42.25
559.5
6.5
917.5
750.75
38.25
59.5
288.25
429.25
448

623.25
624.75
622.75
620
624.75
626
625.5
624.75
628.5
627
626.5
628.25
625.75
624.5
623.75
624

624.25
624.75
623.25
632.5
624
624
624.75
623
625.75
624.75
623.75
625.25
625.25
625.75
625.75
623.25

110.75
141.25
141.25
324.25
136
110.75
149.5
141.25
199.25
169.75
116
161.5
146
205.25
137.75
109.25

10000
10000
10000
10000
10000
10000
10000
10000
10000
10000
10000
10000
10000
10000
10000
10000

