1431.75
1141.75
2531
2513
6689.75
1275.75
1428
2104.75
1856
1849.75
649
3135.75
4010.5
965.75
1335.5
3241
1179.5
1263
3665.75
2582.5
1129.75
4061
1741
3333.25
1601.75
2629.5
2825.5
1670.75
2624
2798.25
2332
1625
1305
2087.75
1486.75
2031
1995
1410.25
1680.5
3713.5
5054.5
2369.25
1967
2452.25
2588.5
4318.5
1417
4222.25
2408.25
1511
6329
905.75
3145.25
2457.25
3881.75
1770.25
3197
1195.75
1330
1059.25
665
1117
3444.5
1322
952.25
3296.75
4983.25
1187
1426
995.25
1492.25
3617.25
631.25
1405
1073.25
865.25
3258.5
1226.25
2898.75
2712.25
3482
1276
2131.75
2162.5
4944.75
3002.25
1343
1110.25
3697.75
1478.25
2283.25
3075
1935
2926.75
1452.5
5241.75

79.5
75.75
104
79.5
269.75
35.5
87.5
56.25
57.75
60.75
43
229.5
187.5
319.5
161.75
254
42.5
115.25
170.75
143.25
61.75
164.25
46.5
124.25
49.25
78
192.75
180.25
62.75
77.5
31.5
107.5
39.75
46
40.5
93.5
92.25
31.25
82.5
109
217.5
71
60.25
187
63.75
198.5
42.5
137.5
75.5
66.25
155.25
57.75
117.5
52.5
165.75
113.75
113.5
43.75
40.5
65.25
48.5
48.5
211.25
68.5
68.25
190.25
213
45.75
70.5
63.5
55
165.5
51.25
50.5
45.25
47.25
219
54.5
116.5
143.25
183.5
54.25
82.25
80.5
136.25
83.5
41.5
105.25
90.25
68.5
79.5
313.25
74.25
98
56
147.75

77.5
56.5
82.5
73.75
165.5
49.75
51.5
74
58.5
51.5
50
151.75
187
317.25
140.5
150.5
50.25
123.25
127
144.5
43.75
165
76
102
42.75
40.25
136.5
145
73.25
45.75
46.5
88
55.25
47
45.5
70.75
91.5
52.25
93.75
104
287.25
95.25
81.75
143.75
92.75
401.75
60.75
234.5
78
78.75
258.5
54.5
85.25
76.75
286.5
84.5
105.25
55
43
59.25
38
45.75
154
43.25
48.5
165.75
129
47.25
54
49
53
137.75
51.75
48.5
99.75
49.5
205.5
51
193.75
267.5
229.25
52.25
87
77.5
90.75
86.25
45.25
86.75
81.5
50.25
80
158.75
101.5
96
70.5
263.25

81.5
64
74.75
76.25
181.25
56
63
85
58
46
62.25
137.75
241
201.25
134
160.75
58.5
159.5
136
176.25
54.25
124.75
92
115.25
52.25
58.75
137
170
110.25
58
44.75
101.75
67.25
62.25
55
100.5
89.25
57
94.75
97
280.5
88.25
94
133.25
81.5
184.5
52.5
158.5
100.5
87
119
50.75
83
91.75
178.25
92.75
141.75
56.5
62
63.75
53.5
51.5
179.75
62.25
61.75
158.75
227.75
61.75
55.75
61.25
56
232.75
65.5
60.75
103
55.25
270.25
58.75
242.75
184
141.25
58
90.25
82
95.75
83.75
55
106
86.5
75.75
94
161
75.75
107.5
65.25
124.25

6
5.75
13.25
55.25
714.25
31
21.75
38.25
8.75
66
85
18
408
115.5
4.5
428.25
21.25
21.5
10.25
173.5
12.75
136
24.5
34.25
15.5
15
45
82
3.75
30.5
34.5
12.25
7.5
46.5
23.75
0
2.75
3.5
40.75
136.25
124.75
25.25
151.25
18.5
16.75
7
91.25
83.75
52.25
1.5
81.5
51
6.5
9.75
8.75
45.75
278.75
71.5
23.75
1.5
0.75
61.75
32.25
16
17.5
49.75
37.75
4.25
40.5
112.25
8.5
1610.5
0
25
37.5
9
73.5
13.5
1711.25
149.75
939.75
37
6
194.75
122.25
1.5
2.25
34.75
156.5
95.5
118.75
44.75
44.75
55.25
20
11

103
104
102.75
102.25
98.75
107.75
105.5
104.25
103.25
106.25
103.75
103.25
124
105.75
105
103.75
102
105.25
105
105.5
103
102
102.5
104
105.75
102.25
105.25
104
102.25
102.75
103
106.25
108
102.25
102.5
104.25
103
105.25
107.75
108
104.5
103.25
103
105.25
106
104
103.25
104.75
102.5
104.25
105
103.75
104.25
103.75
105
105.75
103
102
103.5
102.25
102.5
104
103.5
102.5
103.75
103.75
103.75
102.5
103.5
103
103.5
104.75
102.75
104
102.25
105.75
104.5
101.75
103.75
117.5
102.5
103.75
103.75
102.75
104.75
102.75
102
104.5
102.5
103.75
103
104.5
102.25
103.25
102.25
104.75

104
104.25
104
104
104
104.25
104.25
103.75
104.25
104
104
104.5
104.5
104.5
104.5
104.25
104
104
104.5
104.5
104
104.5
104
104.25
104.25
103.75
104.25
104.5
104
104.25
104
104
104.25
104.25
104.25
104.25
104.5
104
104.25
104
104.25
103.75
104.5
104
104
104.25
103.75
104.25
104
104.5
104.5
103.75
104
104
104.25
104
104
104
104.25
104.5
104.25
104
104
104
104.25
104.25
104.25
104
104
104.25
104.25
104.25
104.25
104
104
104.25
104.25
104.5
104.5
104.25
104.5
103.75
104
104.5
103.75
104
104.25
104
104
104
104.25
104.5
104.25
104
104
104.5

12.5
11
24.75
18
36
12.5
16
18.75
14.75
14.5
12.75
46
38.25
39.75
29.25
52.5
10
111.5
46.25
49
16
31
17
23
17
11.25
49.25
39.75
23.25
12.25
12.75
20
14.5
13
17
17
14.25
20
13.25
67
70.25
16.5
17.75
79.25
19.75
39.5
16.5
25.75
18.5
22
47.5
12.25
21
17
28.75
18.5
35.5
12.5
20
14.75
10.75
12.5
58.25
12.25
10.25
53.75
43.75
9.75
17.75
14.75
10.25
47
12
12
24.75
15.25
56.5
13.75
39
61.75
42
15.5
26.5
14.25
29.75
14.5
14
19.75
17.25
14.25
19.25
35
15.25
18.5
10.5
41.5

10000
10000
10000
10000
10000
10000
10000
10000
10000
10000
10000
10000
10000
10000
10000
10000
10000
10000
10000
10000
10000
10000
10000
10000
10000
10000
10000
10000
10000
10000
10000
10000
10000
10000
10000
10000
10000
10000
10000
10000
10000
10000
10000
10000
10000
10000
10000
10000
10000
10000
10000
10000
10000
10000
10000
10000
10000
10000
10000
10000
10000
10000
10000
10000
10000
10000
10000
10000
10000
10000
10000
10000
10000
10000
10000
10000
10000
10000
10000
10000
10000
10000
10000
10000
10000
10000
10000
10000
10000
10000
10000
10000
10000
10000
10000
10000

