5010.33
5997
6978.67
4822.33
6886
6559.33
6567.67
6256
6628
6896.67
5879
5988

664.667
916.333
951.667
647.667
916
854.667
851.667
867
851.667
1001
750
727.667

710
818.333
871.333
706.667
934.667
886.667
846.333
847
872.667
909.333
805.333
791.667

734.667
733.667
898
667.667
963.667
890
867.667
825
814.667
898
866.667
840.333

350
66.3333
232.667
44
2060.33
622
1567.67
323.667
38
2908.67
6
1780.67

827.333
836.667
834.333
826.333
835.667
836
838
830.667
830
835.667
837
832.333

830.333
830.667
834.667
831
834
834.333
835.333
833.667
833
835.667
834
833.333

228.333
311.667
315
240
325.667
245.333
251.333
304
339.333
313.667
231.667
227

10000
10000
10000
10000
10000
10000
10000
10000
10000
10000
10000
10000

