2578.33
2715.67
2644.67
2430
2622
2771.33
2382
2724.33
2401.67
2794.33
2478.67
2385
4518
2424
2885
2577.67
2564.67
2525.67
2543.33
7302.67
2515.33
2811.33
12433.7
2311
3230.67
2572.67
2488
2404
2478.33
2414
2393
2204.33
2416.33
3053
2428.33
2712.33
2403
11056.7
10143.7
2323.67
1157.67
748
670
2722.67
981.333
2009.33
639
760
8995.33
531.333
774.333
779
811.667
11836
1175.67
701.333
393.333
961.667
831.667
526.333
729.333
706.333
748.667
610

151.333
131.667
90.3333
95.6667
103
147.333
79
147.333
130.667
326.667
69.3333
72
241
71.3333
312
106.333
75.3333
98
102.333
290
105.333
115.333
622
58
270.667
96.3333
77.3333
62.6667
93.6667
85
60
99.6667
93.3333
169
77.3333
134
72.3333
426.667
403
88.3333
171.667
97
33.6667
141.667
233.667
175
101.667
65
1415.67
56
91.3333
78
57.3333
363
100.333
118.667
85
78
64.3333
124.333
99.6667
75.3333
50.3333
72.6667

118
101
71
70.3333
85
114.667
78.6667
87
90
106
91.6667
92
133
98
106.667
79
92
55.6667
78
363.667
165.667
112
1621.67
57.3333
154.667
101.333
71.6667
74.3333
49.3333
91.3333
73.3333
90
75
219.667
80.6667
144
78.3333
627
326.667
89.3333
211.667
97.6667
66.3333
131
109.667
207.333
87
87.6667
662.333
58.6667
82.3333
89.3333
73.3333
684.667
146
78.6667
89
122
84.3333
79.3333
88.6667
81.6667
75
91.6667

133.333
129
81.6667
90
81.3333
127.667
80.6667
131.333
81.6667
129.667
78.3333
89
142.333
75.6667
129.333
85.3333
91.6667
76
81
885
137
126.667
600
84
132
78
85.3333
78
76.3333
110.333
77
97.3333
80
200.333
89
116
78.3333
721.667
336.333
76.6667
260.333
124
75.6667
298.333
106.667
243.333
84
90
472.333
81.3333
88.6667
89.3333
71
814.667
126.333
99.6667
75
117.333
85.6667
79
85.3333
79.6667
81.6667
90.3333

8.33333
5
0.333333
2.66667
13
7.66667
2.33333
7
16.3333
5.66667
0.333333
76.6667
5.66667
1.66667
4
3
4
4.33333
10.6667
518
25.6667
182
1835
5.33333
3
9.66667
26.6667
83
4.33333
5
0
7
18
1
0.666667
2.33333
3.66667
87.3333
327.333
591.333
681.333
19.3333
46.6667
68.3333
3
2.33333
2.66667
13
4608.33
3.33333
284.333
33.6667
3
12.3333
37.6667
23.3333
62
32
125.667
2.66667
11
6
2.66667
0.333333

154.667
153.667
154
153
156
156.667
158.667
154.667
156
153.667
154.667
153.333
157.667
155.667
156
158.333
155.333
153.333
156
158
153.667
156.667
185.333
153
157.333
160.667
156
154.333
156
156
157.333
157.333
154.333
157.667
152.333
154.667
156
156.333
169.333
154.333
154
154.667
155
157.333
153.667
157.667
154
156.333
157.667
154
159
153
156.333
157
156.667
154
153.333
155
158.667
156
155.667
153
156.333
154

156.667
156
156.667
156
156
156.333
156
156.333
156
156
156
155.667
157.667
156
156
156
156
156
156
157
156.333
156.333
157
156
156.333
155.667
155.667
156.333
156
156
156
156.333
156
156.667
156.333
156.333
156
156.667
157
156
156.333
156
156
157.333
156.333
157.667
156.333
156.333
156.667
156
156.333
156
156
156.333
156.667
156
156
156
156
156
156.333
156
156
156

29.3333
33.3333
22.3333
31
30
30.3333
29.3333
28
26.6667
27
31
28
92.6667
31
26.6667
24
29.6667
18.6667
24.6667
249.333
33.6667
27.6667
262
26.6667
34.6667
28
25.3333
29.6667
24
30
28.6667
28.6667
19.3333
32
22.3333
34
27.6667
239.333
261.667
22
29.6667
31.3333
22
89.6667
28.6667
81.3333
32.6667
28.3333
268.667
31.6667
28.6667
26.6667
22.6667
257
33.3333
28
27.6667
28.3333
25
26
27
23.6667
28
26.6667

10000
10000
10000
10000
10000
10000
10000
10000
10000
10000
10000
10000
10000
10000
10000
10000
10000
10000
10000
10000
10000
10000
10000
10000
10000
10000
10000
10000
10000
10000
10000
10000
10000
10000
10000
10000
10000
10000
10000
10000
10000
10000
10000
10000
10000
10000
10000
10000
10000
10000
10000
10000
10000
10000
10000
10000
10000
10000
10000
10000
10000
10000
10000
10000

