722
260.667
212
2129.33
157.333
1984
1844.67
2493.67
2070
187.333
828.667
8556
946
4480.67
749.333
1943.33
1553
2190
2641.33
2450
2313
1245
3029.67
1356.67
2856.67
2629.67
2184.33
2549.67
1936
1122.67
1954
2052
2440.67
782.667
1448.67
5439
1623.67
2406.67
4881
1010.33
1178.67
1038.67
3150
2044
458.667
8836.67
1835
1998.33
610.333
1798
1869
1490
624
4143.67
3115
2141.33
800.667
351.333
2059
1465.33
1740
2243.33
1094.33
258.333
1999.67
2064.67
1422.67
2066
346.667
1574.67
434
1784
1703.67
2294.67
1496.33
1389.67
2967
1491.67
2166.67
922.333
2318
804
2641.67
2343
8210.67
1986
2073.33
2039.67
844
3576.67
12887.7
2762.67
1510.33
2021.67
442.667
4208

207.333
60.6667
173.667
66
75
210.667
29
35.6667
52.3333
62
58
371.667
57
141.667
326.667
71.3333
154.667
49
47.6667
64.3333
225.333
137
55.6667
220.333
55.6667
53.6667
53
43
156.667
57.6667
49.3333
52
28.3333
47
152
193.667
36.6667
168
49
89.3333
34.6667
224.333
72.6667
35.6667
57.6667
227.333
48.3333
37.3333
52.3333
112.333
31.6667
43.6667
75.6667
62
65
420.667
130.333
74
56.6667
66.6667
38.3333
60.6667
753.667
40.6667
80.6667
46.6667
55.6667
147.333
52
35.3333
60.6667
38.6667
39
47.3333
66.6667
120.667
218
57.6667
49.6667
162.333
45.3333
111.667
53
132.667
246.333
35.3333
50.3333
35.3333
38
398.667
144
69.3333
150.667
52.6667
47.3333
51

173
49
76
44.6667
104
87.6667
39.6667
79.6667
55.6667
56
36
228.333
57.6667
290
333
45.3333
192.333
42
49.6667
51.3333
188.333
145.667
48.6667
268
38.6667
49.6667
37
71
213.667
45.6667
43.3333
43.6667
46
32.6667
187
204.333
58.6667
375.667
80.3333
46
37.6667
342
57.3333
36.3333
44.6667
182
38.3333
376
49.6667
70.6667
45.3333
36.6667
60.3333
116.333
63.3333
523.667
173
51
34.6667
52.6667
102
403
311.333
36.3333
65
38.6667
44.3333
66.6667
37.3333
35
35.3333
36
43.3333
48.6667
35.3333
172
250.667
43.6667
43
181.333
41
75
62
67
83.6667
49.6667
38
63.3333
41
268
105
56.6667
144.667
51
58
60.3333

223.667
46.3333
69.3333
54.3333
65.6667
64.3333
48
68.3333
48.6667
81.6667
54
204.333
65.6667
310
260
53.6667
256.667
66
54.6667
59.3333
136.667
207
48
323.667
79
47.6667
43
63.6667
275.333
53.6667
49
49.6667
59
44
178.667
358.333
47.3333
462.667
67.3333
52
50.6667
166.667
64.3333
43
52.6667
155.333
63.6667
204
48.6667
73.3333
69
47.6667
143.667
64.6667
60.6667
342.333
152.667
48.6667
50.3333
56.3333
62.6667
141.667
183.333
41.3333
69.6667
53.3333
41.3333
55.3333
70.3333
53
50.6667
38.6667
46.6667
50
49
230.333
302.667
49.3333
47
111.667
51.6667
70
57
65.6667
64.6667
56
51.3333
49
51.3333
361.667
154.333
68.3333
217
49.3333
62.3333
63.6667

14.6667
4
0
95.3333
38.3333
5
24.6667
1.33333
12
3.66667
0.333333
0
0.333333
79.3333
66.3333
1.33333
15
1.33333
71.6667
16
121.333
9.66667
4.33333
3996
77.3333
1.66667
4.66667
0
792.333
7.33333
0
6
31.3333
6.33333
1.66667
2031
0
1214.67
7.33333
4.66667
46.6667
0
15.6667
7.33333
9.66667
14
0
19
4.33333
2.66667
0
1.66667
128.333
11.3333
5.66667
99.6667
0
24.6667
15
2.66667
2.33333
0.666667
0
0.666667
0.333333
3.33333
12
12.6667
0.666667
0
5.33333
2
1.66667
5.66667
2
32.6667
0.333333
9.66667
2
45
33
3
8
3
1.33333
44.3333
0.666667
59.6667
1.33333
438
33
0.333333
3.66667
0
2.66667
52.3333

99.6667
99.3333
99.6667
108
99.3333
107.333
99.6667
99.3333
107
110
99.3333
99.3333
109.333
100
108.333
100
107.667
99.3333
108.667
109.667
99.6667
99.6667
107.333
108.333
107.667
99.3333
108
99.3333
100.333
99.3333
99
99.6667
109.333
99.3333
99.6667
110.667
108.333
100
99.3333
99.3333
99.3333
108
99.6667
109
99.6667
108
99.6667
107.667
99.6667
99.6667
99.3333
108.333
109
99.3333
110.333
108.667
109.333
109.667
109.333
99.3333
99.3333
99.3333
109.667
100
99.3333
110
99.3333
107.667
109.667
99.3333
110
108.333
99.3333
108
99.6667
107.667
108.333
99.6667
108.333
109
108.667
99.6667
125.333
99.6667
99.3333
108.667
99.3333
99.3333
108.333
100
108
108.333
108.333
110.333
100
107.333

104.333
104
104.333
104
104
104
104
104
104
104
104
104.667
104
104.333
104.667
104
104.333
104.333
104
104
104.333
104.667
103.667
104.333
104
104
104
104
104.333
104
104
104.333
104
104
105
104.667
103.667
104.667
104
104.333
104.333
104
104
104
104
104.333
104.333
104
104.333
104
104.333
104
104
104.333
104.333
105
105
104
104
104
104.333
104
104.667
104.333
104
104
104.333
104
104
104
104
104
104
104.667
104
104.333
104
104
104
104.667
104.333
104
104
104.333
103.667
104
104
104
104
104.333
104
104
104.333
104
104.333
104

51.3333
14.3333
16.3333
26.6667
16
20.3333
13.6667
14
17
17
14.3333
348.333
15.3333
50.6667
51.3333
12
75.3333
16
24.3333
20.3333
78.6667
44.6667
17.3333
63.6667
27.6667
22.6667
13.3333
15.3333
127.333
15.6667
15
15.6667
15.3333
11
59
123.667
12
56.6667
24.3333
14
18
141
16
17.6667
25
62
15
20
16.6667
19
16.6667
15.6667
20.6667
18.6667
15
105.333
49
15
12.3333
16.3333
14.3333
27
78.3333
19.6667
26.6667
13
15
26.3333
14
15.6667
12.3333
13.6667
16
15.3333
15.3333
45
79.6667
15.6667
14.3333
58
14.6667
16
22.3333
12
17.6667
19.3333
15.3333
15.6667
17.3333
259
26.6667
18.6667
54
16.3333
14.6667
15.3333

10000
10000
10000
10000
10000
10000
10000
10000
10000
10000
10000
10000
10000
10000
10000
10000
10000
10000
10000
10000
10000
10000
10000
10000
10000
10000
10000
10000
10000
10000
10000
10000
10000
10000
10000
10000
10000
10000
10000
10000
10000
10000
10000
10000
10000
10000
10000
10000
10000
10000
10000
10000
10000
10000
10000
10000
10000
10000
10000
10000
10000
10000
10000
10000
10000
10000
10000
10000
10000
10000
10000
10000
10000
10000
10000
10000
10000
10000
10000
10000
10000
10000
10000
10000
10000
10000
10000
10000
10000
10000
10000
10000
10000
10000
10000
10000

