4863.33
5746
5901.33
6037.67
6299.33
6023.67
6406.33
6051.33
6685
5733.67
4964.33
5592
5332
5643.67
6865.67
5458
6348.33
5532
6081.33
5820
5093.33
5490.33
5291.67
5691.33
6372.67
5459.67
5578.67
5545.67
5941
6027
4796.33
5480.67

216.333
307
330.667
387.333
301.333
361.333
338.333
338
796.667
342.667
243.333
247.333
259
284
396.667
256
334.667
291.333
308.333
275.667
271.333
274.667
295.667
286
307.667
303.667
257.667
294
335
260.667
232
265.667

243.667
288.333
306
310
311.333
294.667
301
255.667
1147.33
307.667
290
282.667
282
315
293.667
247
265
241.667
286.333
302.667
268
268.667
258
295.333
322
257
421
243.667
285.333
281
257.333
271

224
290.667
300.333
298.667
278.333
296.333
275.333
267.667
735.333
254.667
307.333
290.333
283
287
280
284.667
293
268.667
283
266
273
276.333
289.667
304
289.333
276
821.333
294.667
300.333
293.667
250.667
266.667

21
214
32.3333
12
4.33333
62.6667
56.3333
163
4162
3.66667
17.3333
4.66667
181
11.3333
4121.67
1.66667
12.3333
6
4.66667
2
775.333
5.66667
0.666667
9.66667
2.66667
38.6667
26.6667
10.3333
1.33333
25.3333
5.33333
4.33333

309.667
313
311.667
326.333
310.667
312
311.667
311.667
314.333
310.333
311.333
310.333
311
311
311.333
312.667
312.333
310.667
324.667
315
310.667
311.667
312
312
313
310.333
311
311.333
312
311.667
312.333
310.333

312.333
312.667
312.667
312
312
312.333
312.667
312.667
313
312.333
312
313
312.333
312.667
312.333
312
313
313
313
312
312
312.667
312.667
313
312.333
312.667
312.333
312.667
312.667
312
312
313

91.6667
103.333
123.333
131.333
109.667
94.6667
92.3333
110
106.667
117.667
96.3333
100.333
114
121
123.333
77.3333
101.333
105.333
104
121.333
83.6667
91.3333
109
118
116.667
76.6667
84
106
109.333
108
88
97.3333

10000
10000
10000
10000
10000
10000
10000
10000
10000
10000
10000
10000
10000
10000
10000
10000
10000
10000
10000
10000
10000
10000
10000
10000
10000
10000
10000
10000
10000
10000
10000
10000

