2457.67
1420.33
2024
1318.33
1169.67
2640.33
3679
1542
1812
1346.33
1996.67
2205.33
2602.67
1354.67
1338.33
1721
2781.67
1022.67
1727.67
598.667
1222.67
1559.33
1224.33
2014.67
2352
510
724.667
479.667
1603.33
1459.67
1264.33
3080.67
1344.67
2114.33
420.667
2751
621.333
1622.67
344.667
947.667
2452.67
1257
1970.33
8777.67
419.667
558.667
4299
4675.33
3141.33
1796.33
1428.33
2100.33
527
1259.33
3290
106.667
636.333
486
1174.67
1330
791.333
853
674.333
350.333
827
483
291.333
165.667
1108.67
468.333
2032.33
1383.33
1395
1401.67
1843
399.667
846.333
520.333
1108.67
641
493
2080.67
751.333
2964.33
2852.67
796
1192.33
3937.67
442.333
1410
667.333
642.667
588.667
539
2002.33
1267
388.667
922.333
645
571.667
1129.33
1063.67
1099
914.333
549
723.333
772.333
434.333
866.333
610.333
707.667
1179.33
683
2651.67
794
761
2510.67
438.667
456
404
305.667
1308.33
1973.33
878.333
2601.33
7423.33
1592
4683

55
77.6667
127
51.3333
94
61.6667
106
73.3333
78.6667
83
110.333
68
43.3333
52
52.3333
98.3333
70
60
61
91.6667
71.3333
98.6667
58.6667
73.6667
54
58.3333
45.3333
67.3333
60.6667
57.3333
78.6667
68.3333
55.6667
53
82.3333
77
109
89
56
94
64.6667
203.667
73
91.3333
112.667
44
41.3333
156
151.667
94
42
81.6667
72
72.6667
59.6667
41.6667
88
43.6667
40.3333
93.3333
40
124
72.6667
50.3333
103.667
53
75.3333
141.333
67.3333
102.333
34
49
77.6667
91
128.333
96
82.3333
100
67.6667
160
70.3333
60
115.667
163.667
79.3333
49.3333
41
94
66.6667
58.3333
48
60
200.333
84
57.6667
68.6667
40.3333
85
94.6667
58.3333
30.3333
87
108.333
59.3333
86.3333
51
84
96
67
45
39.3333
34
50.6667
103.667
86.6667
96.6667
94.6667
38.6667
60.3333
67.6667
50.6667
83.3333
31.6667
98.3333
27.3333
125.667
174.333
120.333

53
44.6667
97
51.6667
45.6667
60.3333
89.3333
35.6667
48.6667
60
68.6667
70.3333
45.3333
46.6667
45.6667
137.333
98.3333
44
79.3333
122.667
45.6667
86
58.3333
76.6667
40
37
70.6667
47.6667
48
52.3333
45.3333
37
44
80
64
59.6667
96.3333
97.3333
53.3333
324.333
82
118.667
54
125
48
53.6667
75.3333
100.667
362.667
38
46.3333
82.3333
50
47
56.6667
38.3333
91
49.3333
74.3333
72.3333
51.6667
100
56.6667
52
89.6667
37
59.3333
113
57.6667
51.6667
44
47.6667
101.333
48.6667
93.3333
74.6667
110.333
45.6667
92.6667
99.3333
51
82
188
39.6667
70
59.3333
41.6667
55.6667
93.3333
54
68.3333
51.3333
115.667
110.667
48.3333
270
89.6667
97.6667
56
146.333
52.3333
70.3333
104.667
100.667
40.3333
39
91.3333
68.3333
77
45.6667
35
43.3333
67.3333
72
125
67.6667
52.3333
53
50.3333
45.6667
39.3333
48.3333
114
52.6667
157.333
107
127.333
364

58.6667
50
111.667
59.6667
45.6667
55.3333
96
59
48.3333
61.6667
58
70.3333
52.6667
53
51.6667
175.333
74
55
131.333
110
54
65
57.6667
86
56.3333
49.6667
92.3333
51.3333
45.6667
138.667
52.6667
54
45.6667
68.6667
55.3333
66
100.667
104.333
57
112
73.3333
238.333
62.6667
157.667
52.6667
54.3333
73.6667
162
163.333
48.3333
39.3333
87.6667
55.6667
205
68
52.3333
72.6667
59.3333
78.3333
76.3333
62.6667
116
65
70.6667
108.333
50
57
99.3333
56.3333
58.3333
53.3333
45.3333
111
46.3333
81
81
105.333
59.3333
110.667
72.3333
59.3333
69.3333
173.333
54.6667
134
54
44.6667
54.6667
97.6667
57
50.6667
55
163
66.3333
55.6667
173.667
67
72.3333
57.6667
79.6667
48
78
85.6667
108.667
51
49.6667
106
58.3333
87
49.6667
39.3333
51.3333
66.3333
88.3333
69.3333
62.3333
64.6667
65.3333
52.3333
53.6667
52.3333
66.3333
58
73.6667
70.3333
100.333
161.333
162.333

167
0
0
5.66667
379.333
11.6667
30
49
0.666667
6
7
84.6667
17.3333
7.33333
0
5.66667
173.667
135.667
26
7.66667
0
14.6667
0
46.6667
184.333
105.667
33.6667
262
21.6667
1.66667
327
13.3333
1.66667
32.3333
190
39
0.333333
7
48.3333
119
4.33333
103.667
4.33333
2322
15
4.66667
118.667
81.3333
9.66667
53.3333
1.66667
66.6667
29
0
141.667
116.333
50
36.3333
41
3.33333
0.666667
16.6667
2.33333
153.667
48.6667
32
4.66667
6.66667
0.666667
22.6667
1.33333
61.6667
363.333
96
31.6667
0.666667
24
167.333
116
53
2.66667
27.3333
13.3333
102
3
257.333
0.333333
0.666667
3
2.33333
21
19
19
23.3333
198
358.333
149
53.6667
7
28.3333
2
196
71.3333
2.66667
209.667
115.667
17
33.6667
11.6667
34
292.667
0
44
117
23.6667
6
52
66.3333
5.66667
0
32.6667
157.667
5
16.3333
21.6667
48.6667
35.6667
123.333

77.6667
78
77.6667
77.6667
77.6667
77.6667
78
77.3333
78
77.3333
77.6667
78
80
77.3333
77.6667
99.3333
77.6667
77.6667
78.3333
77.6667
77.3333
77.6667
77.6667
78.6667
77.6667
78
78
77.3333
77.6667
77.6667
78
78
77.3333
79
78
77.6667
78
78.3333
78.3333
78
78
78
77.6667
77.6667
77.6667
77.6667
77.3333
78
77.6667
78
75
78
77.6667
78
78
78
78.3333
77.6667
77.3333
78.6667
74.6667
77.3333
77.6667
77.3333
77.6667
77.6667
77.6667
77.6667
77.6667
77.6667
75
77.6667
102.667
79.3333
77.6667
77.6667
78
77.6667
77.6667
78
77.6667
78
78
78
77.6667
77.6667
78
78
78
77.6667
77.6667
77.6667
78.3333
78.6667
78
78
78.6667
77.3333
77.6667
77.6667
78
78
78.3333
77.6667
77.6667
78
78
77.6667
77.3333
77.6667
77.3333
78
78.3333
74.6667
77.6667
77.6667
77.6667
77.6667
78
77.6667
77.3333
78
77.6667
77.6667
77.3333
78.3333
78.3333
78.6667

78
78
78
78.6667
77.6667
78
78
78
78
78.3333
78
78.3333
78.3333
78.3333
78
78.3333
78.3333
77.6667
78.3333
78
78
78
78.3333
78
77.6667
77.6667
78.3333
78
78
78
78.3333
78
78.6667
78.3333
78
77.6667
78.3333
78
78
78
78.3333
78.3333
78
78
78
78.3333
78
78.3333
78.6667
78.3333
78.3333
78.3333
78
78.3333
78
78
78.3333
78
78
78.3333
78
78.6667
77.6667
78.3333
78.6667
77.6667
77.6667
78
78
78
78.3333
78
78.6667
78
78
78
78.6667
78
78
78.6667
78
78.3333
78.3333
77.6667
78.3333
78
78
78
78
78
78
77.6667
78.3333
78
77.6667
78.3333
77.6667
78
78
78.6667
78
78
78.3333
78
78
78.3333
78
78
78.3333
78
78.3333
77.6667
78
78
78
78.3333
78
78.6667
78
78
78
78
78.3333
78
78.6667
78.3333
78.6667
78.3333

16.6667
18.3333
70
20.3333
20.3333
19.3333
24
18
19
19
22
24
16.3333
20.6667
15.6667
34.6667
23.3333
18.6667
41.3333
26.6667
15.6667
29.3333
20
40.6667
15
18.6667
39.6667
20.6667
17.6667
14
19.3333
18
20.6667
35
23
19.3333
22.6667
35
14.6667
67
17.6667
67.3333
18.6667
21
16.6667
20.3333
22.6667
31.3333
33
22.6667
12.3333
20.6667
21.3333
18.6667
22
18
44
13.6667
24
40.6667
24.6667
26.3333
19.6667
17.3333
26.3333
22
22.3333
38.6667
22.6667
16.3333
23.3333
18
63
16.3333
73.6667
30.3333
26.3333
23.6667
36
58.6667
16.3333
30.6667
32.3333
17.3333
45.6667
16.6667
19.3333
19.6667
30.3333
18
19
20
65.3333
23.6667
23.6667
19
20
29
19.6667
23.3333
20.3333
28
36.6667
29.6667
21.6667
19.3333
25
18.3333
39.6667
20.3333
17.3333
18
18.3333
24
20.6667
23.6667
17
19
18
16.6667
19.3333
21
18
20.3333
21.3333
30
71
64.6667

10000
10000
10000
10000
10000
10000
10000
10000
10000
10000
10000
10000
10000
10000
10000
10000
10000
10000
10000
10000
10000
10000
10000
10000
10000
10000
10000
10000
10000
10000
10000
10000
10000
10000
10000
10000
10000
10000
10000
10000
10000
10000
10000
10000
10000
10000
10000
10000
10000
10000
10000
10000
10000
10000
10000
10000
10000
10000
10000
10000
10000
10000
10000
10000
10000
10000
10000
10000
10000
10000
10000
10000
10000
10000
10000
10000
10000
10000
10000
10000
10000
10000
10000
10000
10000
10000
10000
10000
10000
10000
10000
10000
10000
10000
10000
10000
10000
10000
10000
10000
10000
10000
10000
10000
10000
10000
10000
10000
10000
10000
10000
10000
10000
10000
10000
10000
10000
10000
10000
10000
10000
10000
10000
10000
10000
10000
10000
10000

