6867.33
5113.33
5419.33
5899
5618.67
6022.67
6728.67
6274
5997.33
5955.67
6289.33
5890.67
6150
5337.67
5976.67
5990.33

755.667
567
618.667
601
578.667
593
707.667
647.333
670
676
702.333
585.667
606.667
521.333
616.333
552.667

739.667
449.333
555.667
630
635.667
612.333
641
667
617.333
690
698.667
643.667
635.333
574.667
639
570.667

861.667
483.333
532.667
604
588
612.667
670.667
644.333
594
720.333
702.667
625.667
631.667
536.333
601.667
590.333

2919.67
8
43.6667
577
20
186
28
7.33333
2797.67
15
1483.33
107
1326.67
400.667
66.6667
13.3333

627.333
621.667
621
624.333
622
623
625.333
626.667
624
635
629.333
622.667
624
622.333
626
625.333

627
623.667
624.667
625
623.667
625
626.333
627.333
623.333
625.333
626
624.333
625.667
623.333
624.667
624.667

227
168.667
167.667
232
203.667
217
235
218.333
169.667
232.333
253.333
214
220.667
165.333
201
207.333

10000
10000
10000
10000
10000
10000
10000
10000
10000
10000
10000
10000
10000
10000
10000
10000

