16659.3
5155
1433.33
1590
15346
1744.67
1476.33
1669
1513.33
13104.3
1590.33
1573.67
1806.67
1361.67
1208
1546.33
1551.67
1545
1386.33
1481
1453.67
1326.33
1564
1496.33
1436.67
1344.67
1528.33
1545.67
1397
1259
1485
1341.33
1415.33
1510
1469.67
13401.7
1641.67
2942
1458.67
1556
1353
12545.3
10131
1459.67
13846.3
1340
1570
13866.3

871.333
318.333
101
109
744
94
88.6667
110.333
92.3333
726
89
100
99.3333
107.667
86
69
80.6667
75.3333
69.6667
100
77
94.3333
81.3333
70.6667
100
60.3333
74.6667
77
71
82.6667
59
105.667
76
77
79.6667
576
71
409
89.6667
102.667
107
594
541.333
100.667
1215
115
74.3333
686.333

1087.33
275.333
81.3333
79.6667
816
75
76
93
86.3333
809.667
97.3333
88.6667
101
89
80.6667
72.3333
68.6667
81.3333
66.3333
68.3333
70.3333
75.6667
81
94
80.3333
81.3333
61.6667
78.6667
61.6667
87.6667
76.3333
79.6667
88.6667
85.3333
64.6667
756
73
200.667
73.3333
91
82.3333
777
759.333
64.3333
740
80.3333
76.3333
766

845
358
92.3333
90.3333
986.333
85.3333
86
79
89.6667
578
81
92.6667
94.6667
80.3333
83.6667
79
77.6667
89.6667
86.3333
75
75.6667
73.6667
82
79.6667
75.3333
85
86
85
93
81.6667
81
81.3333
85.3333
75.3333
83
608.667
72.3333
223.333
77.3333
76.6667
91
719
1012
79
861.333
81.6667
81
663.667

1721.67
184.333
7.66667
497.667
505.333
0.666667
12.6667
0
119
2900
0.333333
0.333333
91
246.667
0.666667
1.66667
4
1.66667
81.3333
0
16.3333
2.33333
1
3
62.6667
2
3
10.3333
1.33333
1.33333
54
0.666667
78
3
103
351
0.333333
156
2.33333
0
1.33333
1032.67
127.667
0
1528.67
0.666667
3.66667
77

210
206
208.333
205.667
216.333
207
205.667
207.667
209
209.667
207.333
205.333
207
205.667
210.333
206
206.667
206.667
208.333
208.667
209
205.333
207
208.333
209
205.667
206
208
210.667
206.333
206.333
205.333
207.667
206.333
208
222
209
209
209
208.667
210.333
210
208.333
210.667
210.333
207.667
208.667
210

208.333
207.667
208.667
208
209
208.333
208.333
207.667
208.667
208.333
208.667
208.333
208.333
208.333
208
208.333
208
208.333
209.333
208.333
208.333
208
208
208.333
208.333
208.333
208
208
208.667
208.333
208.667
208
208
209
208
208.667
208
208.333
208.667
208.333
208.333
208.333
208.333
208.333
208.667
208.333
208.333
208.333

253.333
30.3333
33.6667
32.6667
282
35.6667
29.3333
28
27.3333
257.333
33
31
30.6667
31.6667
31.3333
23.6667
32.6667
26.3333
32
28
24.3333
25.3333
32
29.6667
32.6667
28.6667
24.6667
27.6667
27.6667
32.6667
29.3333
34
26.6667
29.3333
29
268.667
29.6667
25
30.3333
29.3333
31.6667
261.333
267
25.6667
259.333
29.3333
34
298

10000
10000
10000
10000
10000
10000
10000
10000
10000
10000
10000
10000
10000
10000
10000
10000
10000
10000
10000
10000
10000
10000
10000
10000
10000
10000
10000
10000
10000
10000
10000
10000
10000
10000
10000
10000
10000
10000
10000
10000
10000
10000
10000
10000
10000
10000
10000
10000

