757
332.667
1373.33
2383.33
1879.67
2273.67
9155.67
3467
3759.67
2160.67
494.333
1865
471.333
1438.33
1159
1340
1199.67
333.333
1408.33
1757
1942
754.333
2504.33
5788.33
1678
1357
1190.33
487.667
1336.33
625
578
735
437
2464
594.667
1169
1775.67
3382.67
2852.67
1211.67
2290.33
1765.67
2014.33
1399.33
3081
1329.33
653
11491.7
1242.67
3284.33
2341
1779.33
1894.33
3783.67
6579
2157
2193.33
3713.33
1303.33
1994.67
2321.67
7381.33
1835
2114.33
3913
2422
1556.67
2467
1209
1862.67
1183.67
1147
2480.33
1704
1359
1526.67
1378.67
2399.67
1745.67
3965.67
365
1346.33
3565.67
13037.3
2714.33
2282.67
1871
3505
2290.67
1623
2036.67
3894
662.333
2644.67
332.333
4691.33

121.667
45.3333
64
54.6667
60
73.3333
253.333
154.333
173.333
94.3333
59.6667
108.667
59.6667
85.3333
62.6667
75.3333
57
41.6667
54.6667
93.3333
62.3333
153.333
86
397
118
83.6667
87.6667
59
54.6667
102.333
127.667
123.333
86
112.667
88.6667
80
74.3333
176.333
134.333
92.3333
65
123.333
74.3333
47.6667
48.6667
42.3333
278
86
77
103.333
71
76
106
88
77.3333
84.3333
79
63.3333
60.3333
58.6667
88.3333
63
78.6667
44.3333
113.333
71.6667
88.3333
84
53
65
49.3333
23
52.6667
141.333
122.333
81.3333
63.6667
52.3333
128.667
252.667
334.333
37.3333
93.3333
217.333
50.6667
52.6667
70.3333
213.333
50.6667
83.6667
94
147.667
85
118.333
53
779.667

176.667
62.3333
70.6667
54
54.3333
50.3333
147.667
82.6667
122.667
56.3333
74.3333
100.667
57
63.6667
240
52.6667
42.3333
52.3333
48.6667
58.3333
58
89.3333
75.6667
765.333
80.6667
62.3333
51
55
103.333
82.6667
264.333
95
63.3333
140.333
87.6667
76.3333
101
100
93.6667
67.3333
77.3333
95
73.6667
78.3333
48.6667
66.3333
132
112.667
54
130.667
40
61
354
59
145
66
63
73.3333
56.6667
48.6667
92.3333
94
58.6667
69.3333
77.6667
54
93.3333
60.6667
68.3333
43
59.3333
40
73
71
62
60.6667
43.6667
57.3333
54.3333
336.333
158
39.6667
389.333
165.333
96.6667
94.3333
82.3333
120.333
43.3333
102
53.3333
119
54.3333
93.6667
57.6667
746.333

230.333
51.3333
53
84.3333
50.3333
67
116.333
99
76
43.3333
84.6667
96.3333
46.6667
79.3333
667.667
55
40
53.3333
49
56
40.6667
81
78.3333
602.333
80.3333
42.3333
48.6667
43.6667
99.3333
85
310.667
97.6667
64.6667
117.667
71.6667
95
92.3333
106.667
104.333
66.3333
95
124.667
68
88.6667
47.3333
70
107.667
69.6667
54.3333
156.667
49
56.6667
203.667
51.6667
169.333
60.6667
54
79
45.6667
44.6667
297.333
75.6667
57.3333
54
63.6667
65
83
62
96
45
50.3333
41.6667
74.3333
77
56
41.6667
46.6667
50.3333
58
239.667
112.667
60
201.333
101
178
80.6667
65.3333
112.667
52.6667
216.667
47.6667
98
50
90.6667
44.6667
729.333

2110
6.66667
1.33333
11
0
34.3333
0.666667
92
0.333333
0.333333
0.666667
35.3333
221.667
10
4
36
18.3333
70.3333
226.667
341.333
170.667
218
0.666667
2936.33
0.666667
47.3333
114.667
0
7.33333
22
64.6667
116.333
1.33333
271.667
3.33333
106
97.3333
220
0
6.33333
0
34.6667
13.3333
117.333
22
22.3333
0
5.66667
0.666667
0.333333
8
5
139
9.66667
470.333
2.33333
96.3333
28.3333
0
372.333
74.3333
16.3333
0.666667
0.333333
0.666667
0
7.66667
44.6667
6
3.66667
0
5.33333
1.66667
12.6667
0
4
1
102.333
19.3333
13
49
61.3333
7
17.6667
43.3333
22.6667
0.333333
26.6667
433.333
26.6667
1
7.33333
11.3333
3.66667
0.666667
1

104
103.333
103.333
106
105
105
103.333
103.667
104
105
104.667
104.333
103.333
104
103.667
103.333
103.333
107
106.333
103.667
103.667
104.667
105
105
103.667
103.333
103.333
103.333
103.667
103.333
103.667
103.333
103.333
103.667
103.333
103.333
103.333
104.333
103.667
103.667
103.667
103.667
105
103.333
103.333
103.667
104
104
104.667
104
106.667
105.333
104.333
103.333
104
104.333
103.667
104.333
107
103.333
104.667
103.667
104.667
105.333
104.667
104.667
106
103.333
103.667
105.333
103.333
107
104
103.333
103.333
103.667
103.333
103.667
104
107.667
103.333
104
104.667
103.333
104
103.333
103.667
103.333
105.333
104.333
105.333
103.667
103.333
103.333
105.333
103.667

104
104
104
104
104.333
104
104
104
104.333
104
104
104.333
104
104
104
104.333
104
104
104
104
104
104.333
104.333
104
104.333
104
104.667
104
104
104.333
104
104
104
104.333
104
104
104.333
104.333
104.333
104.333
104
104
104.333
104
104
105
104
104.333
104
104
104.333
104
104.333
104
104
104.333
104.333
104.333
104
104.333
104.667
104.333
104.667
104.667
104
104
104
104.667
104
104.333
104
104
104.333
104.333
104.333
104.333
104
104.667
104.667
104
104
104
104
104
104
104
104
104
104.333
104
104
104.333
104
104
104.333
104.333

50.3333
22.3333
20
26.3333
21
29.3333
42.6667
33
108.667
23
28.6667
52.6667
20.6667
30.6667
55.6667
20
23.6667
19
22.3333
24.3333
19.3333
58
24
32.6667
49.6667
23.3333
23
17.3333
41.3333
39.3333
64
51.6667
27
24
42
24
58
41.6667
30.6667
30.3333
32.6667
35.3333
25.6667
37
20
23.3333
39.6667
56.3333
24.6667
38.6667
16.3333
27.3333
38
22.6667
33.6667
20.3333
19.6667
29.3333
24
24
60
62.6667
24
25
35
20.6667
59
22
27.3333
21.6667
24
19
23.6667
40.3333
22.6667
25.3333
18
23
24
109.667
43.6667
18.3333
38.6667
36
35.3333
40.3333
37.3333
22.6667
20.6667
39.3333
21
33
21
30.3333
25.6667
198.333

10000
10000
10000
10000
10000
10000
10000
10000
10000
10000
10000
10000
10000
10000
10000
10000
10000
10000
10000
10000
10000
10000
10000
10000
10000
10000
10000
10000
10000
10000
10000
10000
10000
10000
10000
10000
10000
10000
10000
10000
10000
10000
10000
10000
10000
10000
10000
10000
10000
10000
10000
10000
10000
10000
10000
10000
10000
10000
10000
10000
10000
10000
10000
10000
10000
10000
10000
10000
10000
10000
10000
10000
10000
10000
10000
10000
10000
10000
10000
10000
10000
10000
10000
10000
10000
10000
10000
10000
10000
10000
10000
10000
10000
10000
10000
10000

