3514.33
4198
3723.67
3745.33
4164.33
3348.33
20073.3
4249
3902.33
4267.67
3543
3751.33
3586.67
3346.67
3736.33
3469.67
3835.67
3855.67
3480.67
3870.33
3224.67
3671
3490
3371.33
3706
3365
3842
3870
3477.67
3884.67
3209.33
3445.67

287.667
428
313.333
360.667
398.667
262.667
951.333
354.333
356.667
364.667
311
294
206.667
279.667
301
229
237.667
292
231.333
261.667
223
334.667
264.333
305.333
311.333
254
309
286.667
229
269.667
218.333
272.667

233.333
239.667
223.333
253.667
271
180.667
3430.33
211.667
232.667
253.333
201.667
264.333
207.667
222.667
235.667
185
199.333
179.333
179.667
192
154.667
222.667
211.333
220
222
176.333
200.333
195
206.333
189.667
181.667
223

257.333
297.667
283.667
314.667
323.667
220.667
1425.67
281.667
290.667
317
270.333
293.333
262
282
271.667
246
276.333
266.333
276
267.667
263.333
319
245
278
291.333
263.333
287.333
251.667
281
277.333
237
281.333

14.3333
1510.33
88.3333
1425.67
15.3333
2
4346.33
510.667
319.667
714.333
4.66667
0.666667
28.6667
302.667
4.66667
36
10.3333
11.3333
9
23.6667
0.666667
121
2.66667
53.6667
24.3333
2.33333
4.33333
110.667
9
271.667
14.3333
6.66667

313.667
311.667
311
312.667
311.667
310
308.667
312.333
312.333
312
312.667
312.333
311
311.667
315
310.333
326
312.333
313.333
314.667
310
312.667
311
312.333
311.667
311
310.667
311.333
311.333
310
313
319.667

312.667
312.333
312.333
313.333
312.667
312.667
312.667
312.333
312.667
312.667
312.667
312
312.667
312.333
312.333
312.667
312.333
312
313.333
312.667
312
312.333
312.333
312.667
312.333
312.333
312.667
312
313
312.667
312
312.333

105.333
104.667
90.3333
111.333
123
79
325.333
89.3333
89.6667
108
93.3333
142
83.6667
98.3333
108.667
88
89
82.3333
84
91.3333
79.6667
133
82.6667
85.6667
104.333
95
113
84.3333
81.6667
91.6667
81.6667
113.667

10000
10000
10000
10000
10000
10000
10000
10000
10000
10000
10000
10000
10000
10000
10000
10000
10000
10000
10000
10000
10000
10000
10000
10000
10000
10000
10000
10000
10000
10000
10000
10000

