5614
5375.33
5641
6452.67
6566.67
5502.33
5981.33
6563.33
7604
6809.67
5336.33
6309
5667
6486.33
7295.67
5509.67

599
592
498.333
701.333
645.667
509
543.333
753.667
845.333
631.667
502
703.667
552.333
602.667
820.333
499.667

644.333
513.333
592.667
691.333
705.667
491.667
621.333
634.333
746.333
707.667
509.667
634
603.333
667
738.333
499

641.667
484.333
644.667
622.333
567
509.333
659
748.667
764
635
494.333
749.667
629.667
628.667
724.333
497.333

337
3.33333
62.3333
548.333
414
45.6667
150.667
1171.33
35.3333
94
257.667
1706.33
1187
695.667
3001.33
290

623.333
622
624
629.667
624
622
622.667
627.333
627.667
625.333
620
627
622.333
630
628.667
624

624.333
624.333
625
625
624.667
624.333
624.667
625.333
626
625
625
626
625.667
625
625.333
624.333

201.667
181.333
202.667
219.333
230.667
174.333
201.333
215
234
228
185.667
215.667
205
224
232.333
182

10000
10000
10000
10000
10000
10000
10000
10000
10000
10000
10000
10000
10000
10000
10000
10000

