1709.67
1768
1654.67
1742.33
1811.67
10261.7
1724.67
1722
1751.67
1787.67
1691
1828
1646.67
1690
1844
1711.33
1680.33
1804.33
1743.33
1792
1671.67
1736
1742.33
1695
1806
1681.67
1678.67
1758.67
1730
1855.67
1582.67
1680.33
1713.67
1624.33
1803
3887.33
7314.67
1706.67
1716
1806
814
1713.67
7695
11776.7
8827.67
12264.7
838.333
7484

137
167.333
159
133
116
949
155.667
138.333
122
113.333
117
147.333
112.333
146.667
118.333
147.333
108.333
119
115.333
118.667
127.667
135
137.333
140.333
136.333
133.667
108.667
147
132.667
136.333
118.333
123
118.667
120
154
362.333
356
144.667
122.667
140.667
123
115
470.333
473.333
1143.33
738.667
133
267

119.667
108.667
108.667
101.667
96.3333
941.667
102.333
124.333
119
108.333
95.6667
109.333
128.667
123.667
91
84.6667
100.333
95.6667
95.6667
107.333
100
95.6667
115.667
120
100.333
103
85.3333
95.6667
98.3333
125.667
104
106.667
126.667
120
86
295
298
99.3333
96.6667
115.667
87.3333
113.333
552.667
535
2136.67
630.333
110
384.333

118.667
108.333
119.667
110.333
100
1041.33
109.333
113
105.667
117.667
111.667
119.667
117
118.333
119.667
107.667
118.333
109
119.333
115.333
112.667
128.667
111.333
109.333
106
109
104.333
116.333
110.333
104
105.667
126.333
116
119
111
305.333
331.333
111.667
103.333
117
111.667
114.667
511.333
665.333
1150.33
1006
103.667
478.333

37.6667
5.66667
20
15.6667
53
89
9.66667
21.6667
9.33333
47.3333
5.66667
636
1
3
4
2.33333
55.6667
1
14.6667
3.33333
1
11
12
40.6667
1.33333
4.66667
15
20
4
1.33333
149.667
6.66667
44.6667
130.667
3.33333
0.333333
30.3333
26
2.33333
1.66667
159.667
7.33333
250
3919
4071
43
5.33333
2.33333

210
208.333
208.333
210
207.667
210.667
206.667
206
206.333
205
204.667
206.667
205.333
206.333
206.667
207.333
206.667
208.667
207.333
207.667
209
206.333
205.667
207.333
207
206.667
208
208.667
208
205.667
207.333
206.667
207.333
209.333
205.667
209
206
207.333
208.667
207
204.667
209
209.667
208.667
250.333
207.667
205.333
211.667

208
208
207.667
208.333
208
210
208
208.333
208
208
208.667
208.333
208.333
208.333
208
208.333
208
207.667
208.333
208.333
208.333
208
208
209
208.333
208.333
208.333
208
208.333
208.333
208.667
208
208
208.333
208.333
208.667
208.667
208
208.333
208.333
208.333
208.333
208.667
209.333
208.333
209
208
209

51.3333
52
59.6667
46.3333
53.3333
397.667
41.6667
48
50
57
41
38
50.6667
48.6667
48
39
43
41.3333
42.6667
51.6667
49.3333
36
51.6667
49.3333
50
46.6667
38
40.6667
44
49.6667
42.3333
45.3333
51.3333
47
45
94.6667
87.3333
43.6667
47
49.6667
47
43.6667
107.667
90.6667
264.333
335.667
44.6667
89.6667

10000
10000
10000
10000
10000
10000
10000
10000
10000
10000
10000
10000
10000
10000
10000
10000
10000
10000
10000
10000
10000
10000
10000
10000
10000
10000
10000
10000
10000
10000
10000
10000
10000
10000
10000
10000
10000
10000
10000
10000
10000
10000
10000
10000
10000
10000
10000
10000

