5161
5304.33
7046.33
7689.67
7216
5456
5556.67
6827
8028.67
6760.67
5810.33
5895.33

614.333
613.667
971.667
1087.33
945.667
614.333
585
997.333
1053.67
1005.67
745.333
766

753.333
722.667
863.667
965.667
876.667
758.667
747
875.667
948.667
842.667
837.333
808

666.333
699.333
952.333
961.333
987.333
667.333
704
976
926
972.333
750
737.667

51
105.667
193.667
825
979.333
67.6667
87.3333
2602.33
293
2071
2656.33
67.6667

826.333
828.333
836
835.333
839
831.333
828.333
835
836
833.667
835
835.667

829
831
833.333
836.333
834.333
829
834
835.333
835.667
835
831.333
835.667

231.333
234.333
304.667
338.333
310.333
241.667
237.667
312.333
316.333
304.333
248.333
253.333

10000
10000
10000
10000
10000
10000
10000
10000
10000
10000
10000
10000

