2014
1561
1390.67
2469.67
895.333
1638.33
1353.67
1589
2170
921
1556.67
1562
1964.67
1420
3161.67
2467
1125.67
2178
1443.33
1700.67
1429.33
1931.67
1986.33
1987
1230.33
1910.33
1371.33
1597.67
1354
1345
1531.67
2743.67
1131
1359.33
2028.67
2626.67
4458
1568.67
601.667
1208.67
1528.33
862
2973.33
4300.67
508.667
1378.67
1913
553.333
729.333
693.333
553
658
692
1189.33
699.333
395.333
432.333
774.667
666
365
931.667
947.333
546.333
451.667
896
656.667
953
738.667
872.667
865.333
1023
744
1183.67
643.667
676
610.667
677.333
2344.67
429.333
817
6294.67
9960.67
1340.67
3079.67
1829
1921.33
1754.33
2279.33
795.667
600.667
1817.67
771.667
413.333
907.333
765.333
1202.33
1177.67
1028.67
919.667
991.667
735.333
949
904.333
1411.33
877.667
815
616
821.667
1089.33
2056.67
648.333
1698.67
706.333
1589.33
540.333
1005.67
384.333
680
3027.33
1035.67
1258.33
972
2538.67
2886
2679.67
2200.67
905.667
1566.67

76.6667
53.3333
46
151
73
104.667
28.3333
48.3333
37
63
72
42.6667
61.6667
33.6667
45.3333
137
66.3333
123.667
65.6667
54.3333
105.333
69.6667
40.3333
138.667
22
93.3333
30.6667
19
56
62.6667
100.667
198
70
39
166
397.333
132.333
42.6667
63.6667
99.3333
65
39
113.667
63.6667
34
105.667
97.6667
40.6667
78
48.3333
151.333
71.6667
53.6667
79.6667
55
69.6667
51.6667
54
37.3333
59.3333
44
85
97.3333
71.3333
87.6667
49.3333
84.3333
65.6667
85.6667
94.6667
119.333
47.6667
24.3333
52.6667
60.6667
71.6667
49.3333
20.3333
59.3333
35.6667
156.667
217.667
24.6667
198.667
36
57.3333
102.667
39.3333
83
89.3333
127
80.3333
58
84
33.3333
46.6667
153.333
39.3333
42
59.3333
24
57.3333
52
122.667
98
31.6667
107.333
51.6667
43
103
48
80
60.3333
363.333
64
40.3333
24.3333
32
137
42
173.667
36
83.3333
165.333
66.3333
50
48
61.3333

47.6667
35
58
78
54.6667
49
41.3333
29.6667
44
32
54
38
49
40.6667
43.6667
90.6667
26.3333
75.6667
30.3333
68
59.3333
46.3333
41.3333
493.333
27.3333
76.6667
39.6667
32
35
45.3333
59.3333
82
42
29.6667
144.333
68
134.333
32.6667
32.3333
1274.33
43.6667
40
57
160.667
33.3333
340.333
54
46.6667
40
29.3333
46.3333
56
38.6667
48
38.6667
33.6667
40
40.6667
26.6667
31.6667
46
51
87
31.3333
43.3333
46
89.3333
51.3333
36
70
70.3333
35
31
39.3333
31
53.3333
44.6667
35
58.6667
73
82.6667
257
60
45.6667
53
57.3333
51.6667
60
51
45.3333
348
31
58.6667
44
36.3333
48.3333
96.6667
48.6667
76.3333
43
49.6667
43.6667
34.3333
52
44.3333
40
60.3333
41.6667
55
367
58.3333
35.6667
60.6667
152.333
45.3333
56.6667
51
47
89.3333
53.3333
568
37
51.6667
59
51.6667
84
24.6667
42.6667

71
62.3333
71.3333
156
53.3333
52.3333
71.3333
55.3333
60
46.6667
67.3333
60
45.3333
53
50
98
47.3333
82.6667
50
107
55.3333
54.3333
46.6667
96.6667
41.3333
99.3333
55.3333
40.3333
56
49
65
100.333
50.3333
38.3333
94
73
319.667
51
60.6667
139.667
58
44
49.6667
88.6667
39.6667
110
58.3333
53.6667
83.3333
51.3333
61
63.3333
46
72.3333
45.6667
39.6667
59
49.6667
48.3333
38.3333
50.6667
65
107.667
46
51.3333
78
82.6667
65
50
84.6667
90.3333
63
43.6667
58
41.6667
76.6667
54.6667
56
76.3333
65
151.667
112
71
59.6667
73.6667
74.6667
55
77.3333
56.6667
72.3333
548
49.3333
69
54.3333
50.3333
63
160.667
52.3333
89
75
56
74
61.3333
136.333
73.3333
70.6667
60.6667
67.3333
61.6667
98
61.3333
46.3333
60
315.333
75.6667
57.6667
83.6667
70
355
57.3333
228
48.6667
54.3333
63.3333
54.3333
77.6667
44
60

41
4
0.666667
76.3333
156
15.3333
134.333
6.66667
105.667
213.333
130.667
4.33333
3
1
13.6667
11.3333
0
1.33333
3
13.6667
7.66667
2.66667
61.3333
40
120.667
72.6667
0.333333
1.33333
10.3333
14
4.66667
9.66667
53
3.33333
41.3333
77.3333
541
54.3333
217.667
110.667
84.3333
46.6667
6.33333
10
22.3333
125.333
11
2.66667
5
8.33333
4
49.6667
144
216
534.333
0
7.66667
146.333
1.66667
133.667
40.6667
2
50.3333
179.667
252
90.3333
2
155
0.333333
52.3333
29.6667
0
65.3333
5.66667
46.3333
697.333
98.3333
92
8.33333
1
0
147.667
2
128.667
16
23
55.6667
69.3333
4
0.333333
425
9.66667
11.6667
198.667
158.333
6.33333
0
5.66667
16.3333
8
1.33333
16
103.333
60.6667
76.3333
3.66667
30
21.3333
44.6667
0.333333
11.3333
36
19.6667
1799.67
8.33333
0.333333
8.33333
117.667
144.667
47
66
14.6667
186.333
0.333333
30
11.3333
46.6667
0.333333

77.3333
77.6667
77.3333
77.6667
77.3333
77.3333
77.6667
78.3333
79.3333
78.3333
77.3333
77.6667
78.6667
77.6667
77.6667
96
77.3333
77.6667
77
78.3333
78
77.6667
77.3333
77.3333
80.6667
78
77.3333
77.6667
77.3333
77.3333
77.3333
77.6667
77.6667
77.3333
78
77.3333
78.3333
80.3333
78.6667
78
78.3333
77.3333
77.3333
77.3333
78
77.3333
78
77.3333
82
79.3333
77.3333
78
77.3333
78
77.6667
78.3333
78.3333
77.3333
77.6667
78.3333
77.6667
78.3333
77.6667
77.6667
78.3333
78.6667
77.3333
77.3333
77.6667
77.6667
81
77.3333
77.6667
77.6667
79
77.3333
77.3333
77.3333
78
78.3333
81.3333
77.6667
77.3333
79
78
77.6667
78
77.6667
77.3333
77.6667
78.6667
77.6667
77.6667
79
77.3333
77.3333
78.6667
77.6667
80
77.6667
77.6667
77.3333
78
77.3333
77.3333
77.6667
78.3333
77.6667
77.3333
77.6667
77.6667
82.6667
78.3333
77.3333
78.6667
77
78.3333
77.3333
77.6667
77.6667
78.3333
77
77.3333
77.3333
78
78
81
77.6667

78
78.6667
78
78.6667
78
78
78
78.3333
78.3333
78
78.3333
78.3333
78.3333
78
78
78.3333
78
78.3333
78
78
78
78
78
78
78
78
78
78.3333
78
78
78
78.6667
78.3333
78
78.6667
78
78
78.3333
78
78.3333
78
78
78
78.3333
78
78
78.3333
78
78
78
78
78
78.3333
78
78.3333
78
78
78
78.3333
78
78
78
78.3333
78
78.3333
78
78
78
78.3333
78
78.3333
78
78
78
78
78
78
78
78.3333
78
78.3333
78
78
78
78.3333
78.3333
78
78
78.3333
78
79
78.3333
78
78
78.3333
78
78
78
78.3333
78
78
78
78
78.3333
78.3333
78
78.3333
78
78
78.6667
78
78.3333
78
78.3333
77.6667
78.3333
78.3333
78
78.3333
78
78
78
78
78
78
78
78
78

25
18.3333
14
37
21.3333
75.3333
10.6667
17.3333
17
24.3333
12.3333
19
18.6667
16.3333
27.6667
41.6667
8.33333
70
20.3333
17.6667
16
14.3333
24.3333
59.6667
10.6667
50
12.6667
20
16.3333
17
20.6667
54
25.3333
15
42.3333
18.6667
32.6667
11.3333
20.3333
27.6667
13.6667
27.3333
21.6667
59.3333
26.6667
33.6667
30.6667
15.3333
21
10.6667
28.3333
18.6667
19.6667
37.3333
24
15
15
18.3333
24.6667
26
33
22.6667
32.6667
15.3333
27.3333
23
23.6667
20
24.6667
36
53.3333
10.6667
21.3333
26.6667
22
19.3333
18.3333
16
17.6667
18.3333
40
56.6667
25.6667
19.6667
25
31.6667
18.3333
36
28
38
52.3333
15
21.6667
16.6667
10.3333
20.6667
66
18.6667
23
28.6667
25.3333
18.6667
14.3333
29.3333
22.3333
30.6667
21
15.6667
23
26.6667
19.3333
21.3333
19.3333
73
29.3333
34
20.6667
18.3333
49.3333
32.6667
59
26.6667
19.6667
19
22.3333
25.3333
16
18.3333

10000
10000
10000
10000
10000
10000
10000
10000
10000
10000
10000
10000
10000
10000
10000
10000
10000
10000
10000
10000
10000
10000
10000
10000
10000
10000
10000
10000
10000
10000
10000
10000
10000
10000
10000
10000
10000
10000
10000
10000
10000
10000
10000
10000
10000
10000
10000
10000
10000
10000
10000
10000
10000
10000
10000
10000
10000
10000
10000
10000
10000
10000
10000
10000
10000
10000
10000
10000
10000
10000
10000
10000
10000
10000
10000
10000
10000
10000
10000
10000
10000
10000
10000
10000
10000
10000
10000
10000
10000
10000
10000
10000
10000
10000
10000
10000
10000
10000
10000
10000
10000
10000
10000
10000
10000
10000
10000
10000
10000
10000
10000
10000
10000
10000
10000
10000
10000
10000
10000
10000
10000
10000
10000
10000
10000
10000
10000
10000

