2841.33
4498.67
2945
2753.67
2398.67
2966
2518
2822.33
3011.67
7107.33
2619
3049
2773.67
2848.67
6175
2489.67
2627
3044
3919.33
2704.67
3040.67
2647.33
2692
2712
10286.3
1902
2814.67
3319.33
2975.67
2476.67
15372.7
2540
2911.33
3359
2827
3314.67
2540.33
2849.67
2691.33
3249.33
1537
1645.33
10912
6039.33
6478
7530
2046.33
2128.33
1550
1677
3732.67
2260.33
1596.33
1680
1959
12264.7
2008.67
4019.67
11660.3
15719.3
3900.67
5420
3030
2937.67

116.667
209.333
114.667
139.667
96.6667
88.6667
102
66
89
216.333
95.3333
142.333
123.333
95.6667
194
102.667
68
68
101.333
83
172
72.6667
109
124.333
337.333
103
80.6667
224.667
69
88.3333
549
85.3333
79.3333
207.333
87.6667
112.333
100.333
85.6667
67
199
81.3333
108.333
698.333
224.667
228.333
311.333
90.3333
84.3333
74.3333
81.6667
145.333
89.3333
101
75
133
394.333
93
147
364
592
143
172.667
203
97.6667

103.333
189.333
56.6667
102.333
57
85.6667
91.6667
66.3333
77.6667
201
95
93.3333
102
97
160.667
40.6667
75.3333
51
140
102.667
382
57.6667
96.6667
84.6667
552
83.6667
57
152
79
47.3333
683.333
64
76.3333
169
90.3333
78
62.3333
56
82
199.667
81.3333
86.6667
561.667
250.667
189
511
58.3333
98.3333
80.3333
83
195.333
88.3333
45.6667
72.6667
134.333
698.667
83.3333
159
585.667
342
86.6667
112.333
137.667
116.333

75
521
70
70.6667
87.3333
78
81.3333
61.3333
59.6667
211.667
89
80.3333
81.6667
81
128.333
80.6667
52.6667
66.3333
107.333
82
286
69.6667
87.6667
46.6667
522.667
85
61.6667
144.667
72.3333
82.6667
456.333
81
64
160.667
46.6667
79
69
73
72.6667
196
66.3333
62
542
266.667
188.333
606
59.6667
80.3333
69.3333
82
168.667
87
84.6667
80.6667
129
1161.67
58.3333
154.333
461.333
243.667
96.3333
123.667
125.333
80

18.6667
365
172.667
119.667
2.33333
19.6667
120.333
116.333
18.3333
90
79.3333
14
20
40
97.3333
9
58.6667
484
0
2.33333
2
23.6667
68
71.6667
674.333
5
29
15.3333
16.6667
48.6667
2.66667
51.6667
1.66667
49.6667
24
50.3333
155.667
62.6667
6
34.6667
87
6.33333
1505.33
29
32.6667
1243.33
40
61
40
9.66667
14.6667
6.33333
13.3333
66.6667
8.66667
3395.33
8.66667
3.66667
149.333
6.33333
26.3333
0
5
0.333333

161
166.333
162
161.333
161.333
161.333
161
160.667
161
161.333
161
160.333
160.667
161.333
161
160.667
160.667
162
161.667
160.667
161
160.667
124
161
124
123.667
162
161.667
123.333
160.667
161
161.667
161.667
181
160.667
160.667
160.667
156
160.667
124
160.667
161.333
161.667
161.667
124.333
123.667
161
160.333
123.667
161
161.333
162.333
161
156
161.333
164.667
160.667
124
161
163.333
161
164
161
161.667

156
156.667
156
156.667
156
156.667
156.333
156.667
156
156.333
156.333
156
156.333
156
156.333
156
156
156.333
156.333
156.333
156.333
156
156
156
156.333
156
156.333
156
156
156
156
156
156
156
156
156.333
156
156.333
156
156.333
156.667
156
156.667
156.333
156.667
156
156.333
156
156.333
156
156.667
156
156
156.333
156.667
156.333
156
156.667
156.667
156.667
156.333
156.333
156.333
156.667

23.6667
79
19.3333
28.3333
27.3333
26.3333
20
19.6667
16
31
23
26
24
22.3333
36
26
23.3333
23.6667
23.6667
32.3333
54
12
28.6667
24
92.3333
28
26
78.6667
23.6667
22.6667
500.667
24.3333
20
73.3333
28.6667
24
22.3333
15.6667
16
84
23.3333
22.6667
568.333
37
82.6667
86
26
22
25.6667
19
88.6667
23.3333
26.6667
26
41
87.3333
24
52.6667
86.6667
43.6667
29.6667
79.3333
23.6667
37.6667

10000
10000
10000
10000
10000
10000
10000
10000
10000
10000
10000
10000
10000
10000
10000
10000
10000
10000
10000
10000
10000
10000
10000
10000
10000
10000
10000
10000
10000
10000
10000
10000
10000
10000
10000
10000
10000
10000
10000
10000
10000
10000
10000
10000
10000
10000
10000
10000
10000
10000
10000
10000
10000
10000
10000
10000
10000
10000
10000
10000
10000
10000
10000
10000

