5484
6214.67
5532.67
6618.33
5556.67
4007.67
5551
6562.67
4197
27185.3
4681
4064.33

1046.67
905.333
913.333
786.333
846.333
778.333
975.333
1013
659
766.333
648
662

570.667
587
599.667
605.667
567.333
583.333
611.333
581.667
581
3567.33
573.667
571.333

540.333
512.667
560.667
503.333
531.667
513.333
553
522
513
4142
525.333
582.667

632.333
809.333
172.667
701
985.667
287
862.667
582.333
1319.33
1957.67
336
1354

833.333
833
833.333
833.667
833.667
832.667
833.333
834
833
833.667
833
833.333

833.333
833.333
833
833
833
833
833
833
833.667
835.333
833
833.333

72.3333
104.333
74.3333
79
74.6667
93.6667
90.6667
110
73.3333
2396.33
77.3333
87

10000
10000
10000
10000
10000
10000
10000
10000
10000
10000
10000
10000

