1405.33
1367.33
1313
1258
1290.67
1318.67
1431.33
1236.33
6678.67
1215.33
1223.67
1141.67
1265.33
1317.33
1218.67
1155
1294
6601.67
1407
1337.67
1304.67
1269
1382.67
1212.67
1551.33
1286.67
4355.33
1242.67
1292.67
1129.33
1287.67
1367.67
1246
1199.67
1260
13275.3
8980.33
8837.67
9061.67
8924
8986
9958.33
8625.33
8468.33
8367
9490
9338.33
9418

269.333
154.333
194.667
172.667
213.667
191.667
192
262
226
164
261.667
171
187.667
233.667
158.333
208.667
113.333
200
173.667
228
166
166.333
153.333
363
283
169
254.667
217.667
194.667
239.667
180.667
275
264
185.333
166.667
334.667
182
223
244
181.333
143.667
227
149.667
263.667
200.333
195.667
202.333
197.333

124.333
251
328.333
316.667
285
263.333
261.333
269.333
58.3333
309
299.667
304.333
300.333
297
296.667
330.667
256.667
65
129.667
252.333
329.667
318
286.667
261
265
261
70.6667
315.333
304
302.667
306.667
301.667
298.667
330
256.333
67
64
60
60.6667
66.3333
58
55.6667
61
61
60.6667
62.6667
55.6667
61

184.333
197.333
183
169
181
185
180.333
171
286.667
165.333
121.333
182.667
173
173.667
159
170.333
167.667
247.333
184.333
166.333
179.667
168
184.667
182
174.667
175
208
178.333
114.333
174
167
178.333
159
166.333
162
332
294.333
252.333
305
280.333
277.333
277.333
262
300
302.667
281.333
318.667
296.667

170
128.667
146.333
257
246
119.333
179.667
147.333
295
189
200.667
197.667
132.333
212.333
210.667
207.333
158.333
156.667
156
155
157.333
236.667
178.333
195
200.333
172
214.333
133.667
130.667
181.333
183.333
142.667
121.667
249.667
159.667
578.333
218.333
436.667
223.333
270.333
251.333
218.333
198.333
273.667
222.333
280.667
233.333
273

209
208
208
208
208
208.667
208.333
208
208.333
209
208.333
208.667
208.667
208
208.333
208.333
209
208
208.667
208
208.333
208
208
208.667
208.667
208
208
209
208.333
208.667
208.667
208
208
208.333
209
208.333
208.333
208.333
208.333
208.333
208.333
208
208
208.667
208
208.333
208
208

208
208
208
208.333
208.667
208
208
208
208.667
208.333
209
208
208
208.333
208.667
208.667
208.333
208.333
208
208.333
208
208.333
208.333
208
208
208
208
208.333
208.667
208
208.333
208.667
208.667
208.333
208.667
208
208.667
208.667
208.667
208.333
208.333
208.333
209
208.333
208
209
208.333
208.333

47.3333
35.3333
35
52
37.6667
38
38.3333
43
116.333
28.6667
43.3333
31.3333
39.3333
47
40.6667
30.6667
41.3333
43.6667
47.6667
37.6667
34.6667
47.3333
35.3333
35.6667
37
39.6667
69.6667
29.6667
46
24.6667
40
49.6667
43.6667
34.6667
44.6667
151
128.333
133
172.333
174.667
121
154.667
162.333
109.333
124.333
129.333
147.333
138.667

10000
10000
10000
10000
10000
10000
10000
10000
10000
10000
10000
10000
10000
10000
10000
10000
10000
10000
10000
10000
10000
10000
10000
10000
10000
10000
10000
10000
10000
10000
10000
10000
10000
10000
10000
10000
10000
10000
10000
10000
10000
10000
10000
10000
10000
10000
10000
10000

