2447.67
2677.33
2736
2379.33
3271.33
2471.33
2970.33
2594.33
3650.33
2335
2778.67
2658
2410
2402.67
9668.33
10512.3
6323.67
9998
2476.67
2624.67
2777.67
2517.33
2519
2444
2857.33
2559
9946.67
2359.33
2770
2469.67
2380.33
2390.33

306.333
268.333
289
386.333
245.333
280
358.667
310.333
325
322
352.667
269.667
260
299.667
303.333
351.667
293.667
359
309.667
304.667
345.667
267
277.333
341
337.333
240.667
348.333
412.333
370
295.333
284.667
285

346.333
343.333
276.333
305
321
76.6667
316.333
292.333
302
397
469
425.333
427
437
71.3333
89.3333
84.6667
83.3333
345.667
341.667
268
304.333
320.667
81
327.667
292.333
501.333
395.333
467.333
427
425
439.333

215
218.333
246.333
210
219.667
229.333
232.333
219
256.667
225.667
240
209
230
220.333
358.333
415.667
386
435
229
225.667
210.667
221
214.333
205
239
245
2306
239.667
243.333
218
223.333
213.333

377.667
165
209
247.333
357.333
215.333
152
272
245.333
288
367.333
344.667
374
262.333
497.333
462
302
443.333
244
298.333
206.667
256
273.667
353.333
301.333
239
952.333
246.667
262.667
254.667
314
215.333

312.333
312.333
312
312.667
313
312.667
311.667
311.667
312.333
312.333
313.333
312.333
312.333
312.667
312.333
312.667
312.667
312.333
312.333
312.333
313
312.333
312.667
313
311.667
311.667
314.667
312
313.333
312.667
312
312.667

312
312
312.667
312.333
313
312
312.667
312.667
312.667
313
312.333
312
312.333
312.333
312.667
312.333
312.667
313
312
312
312.667
312.333
313
312
312.333
312.667
314
313
312.333
312
312.333
312.667

97.6667
102.333
115
97.3333
102.667
100.667
108.333
98.3333
107.667
100.667
115
91.3333
98
105
112.667
130.667
109.667
108.667
98
95.6667
105.333
104.667
96
94
115.333
98.6667
116
96.3333
119
90.3333
101
101

10000
10000
10000
10000
10000
10000
10000
10000
10000
10000
10000
10000
10000
10000
10000
10000
10000
10000
10000
10000
10000
10000
10000
10000
10000
10000
10000
10000
10000
10000
10000
10000

