2899.33
2400.67
1680.67
1992.33
3319.67
3180.67
4699
4514.67
3513.67
4554
2977.67
2463
4266.67
1754
4537.33
1223.33
2426.67
1523.33
3342
3396.67
2399
2480.33
1395.33
2110.33
4786.67
2900
3053.67
4691
4761.33
4907.67
3167.67
3031
3636
2973.67
4826.67
4210.67
2933.33
3947.67
1679.33
4138.67
2979.67
2793.67
4030.67
3024
2702.33
2867.67
3606.67
2757.33
3136
4237.67
5189
4903.33
3414
4039.67
4262.33
4225.67
4104.33
4961
4199
4463.33
1831.67
2960
3410.33
4179.33
3977.67
2812.67
3214.67
2943.33
2771.67
3466.67
3326.67
2551
4551.67
2573
2762
4397
5869
1189.33
1797.33
2998
2840
2394.67
2123
4513
4242.67
3511
2459
2905.67
4576
1270.67
2305.33
4490.67
2550.33
2460.33
3552
2398.67

99
93.6667
81.6667
84
61.3333
68.6667
74.6667
53.3333
47.3333
84.3333
102.667
148.667
87
171.667
127.667
53.6667
143
52.3333
65.3333
78.3333
43.3333
93.3333
126
72.6667
66
36.3333
94.3333
92
86
35.3333
151.333
51.3333
112
100.333
52.3333
26.6667
159.667
52.6667
127.333
184
436.667
50
45.3333
109
50
28
112
133
80
38.6667
51
44.6667
123
16.3333
26.3333
57.3333
77
18.3333
98
165.667
86
754
134
56
81
52.6667
123.333
76.6667
63.6667
46.3333
105
107.333
400
43
486.333
29
21.6667
54
93.6667
87.3333
103.333
692
118.333
159
63
61.3333
62
24.6667
51.3333
114
91.3333
60
20
75
35
67

114.667
82.6667
83
92.3333
123
101.333
117
68.3333
144.333
102.667
140.333
124.667
115.333
77
111.667
97
144.667
93.6667
146.333
97.3333
145.667
77
116
79
79.3333
95.6667
111.333
202.667
186.667
74.3333
49.3333
88.3333
116.667
100
91.3333
96.6667
82.3333
140.667
141.667
76.3333
93
128
119.333
83.3333
54
113
97.3333
139
35.3333
107
89.3333
81.6667
108
89.6667
72.3333
153
104.667
96.6667
145.333
112
69
143
96.6667
137.333
117
124
83
87.3333
92.6667
130.333
97
114.333
148.667
80.3333
59.3333
87.6667
63.3333
127.333
95
74
135.667
66.3333
86.3333
55.6667
103.333
110.333
112.333
132.333
128.333
140.667
118
140.667
99.6667
62
70.6667
60

93
78.6667
107
105.667
82
101.667
147.333
74.6667
111.667
147.333
155.333
96.6667
126.333
143
136.333
99
94
88.6667
154.333
79.3333
104.667
103.333
90.6667
92
105
115.667
154.333
150.333
149.333
158
71
116.333
101
148
118.667
93.6667
65.3333
110
86.3333
97.6667
96
92
69
69.6667
96.6667
111.667
57.6667
77
58.3333
125.667
161.333
128
92.3333
84.3333
90
96.3333
119.667
70.3333
116.333
81.3333
89.6667
90.6667
121.667
96
129.667
103.667
95
101.667
120.667
178.667
147.333
108.333
91.3333
83.3333
70.3333
91
70.3333
132
108.667
145.667
148.333
33.3333
50
52.6667
111.667
83.3333
88.3333
140
64.3333
135.333
84.3333
135
92.3333
86.3333
128.333
43.6667

52.6667
130
86
96.6667
109
162
69.3333
91.6667
113
98.3333
118.333
130.667
162
166
115.333
123
146.667
125.667
160.667
141.667
157.333
102.667
87.6667
113.333
64.3333
124
126
167.333
127.333
192.667
106
101.667
59
126.667
143.333
52.6667
91.3333
89
39
34.3333
86.6667
50.3333
85.3333
42.3333
108.667
123.667
92.6667
98
83.3333
153
118.667
83.3333
77.3333
32.6667
71.6667
150.667
124
136.667
167.667
110
66.3333
79
52.6667
111.333
143.333
109
103
93
71.6667
130
124.667
111.333
121
107.333
109.333
64.3333
74
153
69.3333
172.667
120.333
79.6667
57.3333
58.6667
98.3333
100
90.3333
77.3333
91.3333
138.667
76
149
94.6667
64
110.667
26.3333

85.6667
103.667
108.667
114
80.3333
114
114.333
80.3333
113.667
113.667
114.333
85.6667
108.667
85.6667
113
85.3333
113.667
113.333
113.667
108.667
113.667
113.667
85.6667
103.667
108.667
108.667
113.667
113.667
114
113
108.667
113.667
113.667
108.667
114
113.667
114.333
113.333
108.667
109
86.3333
114.333
113.667
113.333
80.3333
108.667
108.667
114.333
80.6667
113.333
108.333
113.333
113.667
109
85.3333
114.333
109.333
108.667
113
108.333
85.6667
86
80.6667
113.333
108.333
113
80.6667
108.667
85.3333
113.333
114.333
80.6667
85.3333
108.667
80.6667
113.333
103.667
108.333
113.667
80.3333
108.333
81
103.667
113.667
114
113.333
109
108.667
80.6667
109.333
108.333
113
80.6667
80.6667
109.333
109

84.3333
56.6667
84.6667
111
110.667
83.3333
84.6667
97
124.333
97
110.667
124
124.667
124.667
124.667
124.333
97
110.333
84.6667
110.333
97.3333
124
97.3333
57
124.667
110.333
110.667
97
110.667
124.333
124.667
124.667
97.3333
124.667
124.333
124.333
124.333
84.3333
124.333
70.3333
124.667
110.667
124.333
43
110.333
84.3333
97
110.333
57
110.667
110.333
84.3333
97
124.667
84.3333
70.3333
110.667
125
110.667
124.667
111
124.333
84.6667
57
124.333
56.6667
124.333
124.667
110.667
84.3333
97.3333
124.333
110.333
70.3333
124.667
125
124.333
57.3333
124.667
84
124.667
57
124.333
124.667
97.3333
124.667
97.3333
84.6667
83.3333
124.333
97.6667
57.3333
124.333
125
124.333
124.667

56.3333
0
59
54
60.6667
78
66
49.3333
34.3333
50.6667
48
31.3333
36.6667
33
0
44
45.6667
42.6667
43
40
44.3333
35.3333
63
53
45.6667
48.6667
77
64
52.6667
80
39
37.6667
36
0
39.3333
0
41.6667
0
42
30.6667
0
45.3333
37.3333
34.6667
21.3333
40
0
32.6667
0
44.6667
48.6667
49
62.6667
36
0
0
0
0
0
33.6667
0
0
0
38.6667
41
42
44.3333
37.6667
39.6667
0
60
52.6667
61
37
0
32
0
0
83.3333
48
72
42.6667
24.3333
0
38.3333
0
32
0
63.3333
39.6667
33.6667
0
47.6667
33
67.6667
32.6667

10000
10000
10000
10000
10000
10000
10000
10000
10000
10000
10000
10000
10000
10000
10000
10000
10000
10000
10000
10000
10000
10000
10000
10000
10000
10000
10000
10000
10000
10000
10000
10000
10000
10000
10000
10000
10000
10000
10000
10000
10000
10000
10000
10000
10000
10000
10000
10000
10000
10000
10000
10000
10000
10000
10000
10000
10000
10000
10000
10000
10000
10000
10000
10000
10000
10000
10000
10000
10000
10000
10000
10000
10000
10000
10000
10000
10000
10000
10000
10000
10000
10000
10000
10000
10000
10000
10000
10000
10000
10000
10000
10000
10000
10000
10000
10000

