8745.33
10296.7
10567.7
10744
8832.33
6300
11318
10642
11738.3
7600.33
10270.3
10595
7062.67
6446.67
6249.33
7367.67

633.333
722.667
733.667
675.333
669.333
776.667
697.333
681.333
704.667
467.667
659.667
714
480
400.667
520
463.667

616
617.333
643.333
593.667
600
612.667
633
616.333
634.333
624.667
632.667
634.667
688
603
597
653.333

628.333
649.667
613.667
613.667
669.333
660.667
613.333
602
648.333
564.333
624.667
713
617
572.333
592.667
617

1363
808.333
606.333
658
476
658
604
861
957.333
210
320.667
752
588.333
352.333
371.667
413

625
625
625
624.667
625.667
625.333
624.667
625
624.667
624.667
624.667
624.667
626
625.667
624.667
624.667

625.667
626.667
627.333
625
626.667
625
626
625.333
625.667
623
625.667
626
623
623
623.333
622.667

218.333
201.667
227.333
197.333
197
191.667
214.667
233.333
219.333
196.667
213.333
237.667
196
197.667
194
197

10000
10000
10000
10000
10000
10000
10000
10000
10000
10000
10000
10000
10000
10000
10000
10000

