1167.67
1656.33
1980.33
1529.67
2858
400.333
1578.33
3378
1090
1808.33
1856
3425.33
873.333
2459.67
3563.33
1796.67
2287.33
3290
3827.67
1777.33
1061.67
2240.33
3397.33
1765.67
2758
4030.67
1807
1689
634.667
2342.67
627.333
2467.67
3146
4373.33
2615
2975.33
1810.67
3766.33
4181.67
1731.67
4305.67
4144.67
3375
3180
2903
1844
3590
2971.33
4183.33
4606.33
3266.33
3030.67
2375
5137.67
4071.33
2806
3384.33
1861.67
3027
2810.33
3963.67
4893.33
3093.33
1643.67
2299
2993.33
3098
3667.67
4291.67
4276
2919
1779.67
1264
1675.67
2954.33
0
0
3361
1147.67
1467
1639.67
3395.33
2861.33
5252
1653
1244
2382.33
543
1829.33
2449.67
3323
1491.33
1635.33
3685.33
2950
315
4033.33
1551.67
1836.67
2573
3115
2535.33
3625.67
1450.67
1701.33
3033
1591.33
3247.67
1327.67
1254
2376
3186.33
2016
1549.33
3676
3351.33
2661
1269.33
1873.33
2400.33
1678.67
4269
3405.33
4267
2852.33
3809.33
1807.33
1767.33

107.667
127.333
146.333
27
46.3333
48.3333
20.3333
62.6667
23
44
31.3333
121.667
55
22.6667
60.6667
38
220.667
17.6667
36
6.66667
60.3333
85.6667
58.3333
12.3333
89.6667
36
51
37.3333
88.6667
50.3333
58.3333
40.3333
196.333
126.333
30.3333
69.3333
110
172.667
105.667
70.3333
28
26.3333
85.6667
667.333
64.6667
119
100
117.667
31.6667
29.6667
51
30.6667
987.667
61
74.3333
19
97.6667
32.6667
76.3333
36.3333
61
73.6667
55
19
37
38.6667
42.3333
72.6667
52.6667
594
62.6667
90
683.333
2.66667
29.6667
34
83.3333
44.3333
41
77
8
42.3333
27.6667
7
34.6667
13.3333
12
84.6667
55
66.3333
31.3333
47
33.3333
46
15
22.6667
61.6667
22.6667
15.6667
15
75
115.667
144
19
54
8.33333
75.3333
8
9
37
215.333
45.3333
36
46.3333
53
65.3333
99
104
19.3333
13.3333
12.6667
38.3333
59.6667
29
38
59.3333
65
51

86
91.3333
94.3333
68.6667
72.3333
58.6667
67.6667
92.3333
87.3333
72.6667
96.6667
103.667
84.6667
73
103.667
87
87
91.3333
87.3333
126
108.667
85
91.6667
54.3333
65
88
80.6667
92.3333
94.6667
112.333
40.6667
58.6667
83.3333
86.6667
59.6667
102.667
144.333
50
72
100
90.6667
63
77
93
90
71.6667
72
136.667
81.3333
121.667
74
116.333
95
52.6667
121.333
125
103.667
46.3333
70.3333
46.3333
66
90.3333
65.3333
41.6667
49.3333
73.6667
59.3333
92
81
115.333
69.3333
82.3333
98.6667
77.3333
107
58.3333
69.6667
93.6667
76.6667
114
54.3333
68.6667
64.3333
90.3333
57
40.3333
61
56.6667
54.6667
52
80
91
68
45.3333
104.333
19
74.3333
96.3333
70.3333
85
48.6667
57
79
44
111.333
87.6667
56.3333
65.6667
49.3333
55.6667
84
45
42
48.6667
69.6667
112.333
61
53.6667
43
56.6667
51
74
131.333
93
45.6667
34
98.3333
137.667

89
32.6667
111
61
40
31
34
69.3333
174.333
45.6667
76.6667
40
93
161.333
70.6667
36.3333
122
101
23.3333
47.6667
23.3333
30
47.3333
86.6667
20.3333
58.3333
120.333
85.6667
59
129.667
53.3333
161.333
41
66
33.6667
149.333
78.3333
120.667
101.667
107.667
139.667
158.333
76
64.3333
118
135
156.667
60
114
108.333
149.333
162.667
114
52
124.667
145.333
141
57
112
41
105.667
115.667
100.333
72
93.3333
109.667
75.6667
38.6667
132.667
133.333
75
149
39.6667
104.333
39.3333
46.6667
28.6667
55
35.6667
70.3333
54.6667
71.3333
44.6667
40.3333
57.6667
58.6667
29.3333
68
61.6667
121.333
37
49.3333
43
99.6667
158.333
71.3333
34
94
71.3333
42.3333
35
129.333
148.333
56.6667
115.667
38.3333
38.3333
77.3333
90.6667
28
70.6667
42.3333
51.3333
128
64.6667
57.6667
52
40.6667
55.3333
55.3333
37
43
36
48.3333
77.6667
59.6667
37.3333
93.6667

34
6.66667
76
51.3333
73.3333
81
35.3333
86.3333
93.3333
54.3333
75.3333
67
82.6667
129
84
37.6667
34.6667
134.333
57
66.3333
72.3333
40.6667
16.3333
87.6667
42.3333
93.6667
189.667
62.3333
37
98.6667
27.3333
128
30.3333
76
89
200.667
65
63.3333
146.667
98.6667
86
133.667
117.333
75
64.3333
84.6667
121.333
50.3333
94.6667
79.3333
214
88
34.3333
41.3333
100.667
92.3333
149.667
84.6667
68.3333
52.3333
78
77
54.3333
93.6667
91.3333
100.667
125.333
32.3333
65
143.667
175.333
148.667
47.6667
119.333
82.6667
41.6667
64.6667
75.6667
55
40.3333
62.3333
115.333
59.6667
60
102.333
84
57.6667
54
76.6667
90
32
44
94
108.333
118
54.6667
45.6667
62
183
62
60.3333
163
111.333
52.3333
118
78.3333
32.6667
52
68
59.6667
87
34.3333
51.6667
105
46.6667
51
14
48.6667
45.6667
94
50
32
80.6667
48.3333
70.3333
65.3333
128.333
15.6667

67.6667
82.3333
82.6667
71.6667
67.6667
86
81
72.3333
72.3333
82
67.6667
82
72.3333
82.3333
86.3333
77.3333
72
76.6667
78
86.3333
82.3333
81
77.3333
76.6667
86
76.6667
72.6667
72.3333
77.6667
76.6667
71.3333
86.6667
67.6667
77.3333
86
86.3333
86.3333
81.6667
67.3333
81.6667
77.3333
81
72
82
86.3333
86.3333
81.6667
82
72
77.6667
86.3333
86.6667
77
77.3333
86.3333
86.3333
71.6667
82.3333
82
86
71.6667
77.3333
82
76
81.3333
71.6667
76.3333
77.3333
71.6667
81.6667
76.3333
86.6667
83
77
78
72
82
72.3333
67.6667
77.3333
71.6667
72
76.3333
85.6667
72.3333
76.6667
71.6667
81.3333
72.3333
72.3333
67.6667
82
76.3333
86.6667
82.3333
71.6667
77.3333
86.3333
86.3333
76.6667
67.3333
81.6667
72.6667
72.3333
76.3333
86.6667
86.3333
67.3333
76.6667
82
85.6667
81.3333
76.6667
86.6667
67.3333
86.6667
78
76.6667
71.6667
76.3333
71.6667
67.3333
86.3333
77.6667
86
71.6667
82
77.3333

83.3333
96.3333
96.3333
54.6667
96
81.6667
68
81.6667
55.3333
81.6667
83.3333
81.3333
81.6667
69.3333
82
69.3333
83.6667
81.6667
81.6667
96
67.3333
69
81.6667
83.3333
83.6667
81.6667
82
67.6667
55.3333
83.6667
82
82.3333
83.3333
81.6667
82
96.3333
83.6667
82
82.6667
82
82.3333
82
83.3333
83.3333
82
55.3333
83.6667
82.6667
69.3333
69.6667
69
84
84
83
67.6667
82
82
81.6667
82
95.6667
82
69.6667
55
96.6667
82
96.3333
54.6667
69
82
82
96.3333
82
83
55
69
83.3333
55
69
82
67.6667
54.6667
82.3333
82
69
83.3333
81.6667
83.6667
82
81.6667
82
96
69
82
82
96.3333
68.6667
95.6667
83.3333
82.3333
68.6667
67.6667
69
83.6667
69
82
67.3333
69.3333
69
82.3333
81.3333
96
82
69
83.3333
96.3333
67.3333
68.6667
82
68
81.6667
83.3333
55
81.6667
67.3333
55
83.3333
54.6667
83.6667

0
0
32.6667
0
0
49.3333
66.3333
0
35.6667
58.6667
0
0
59.6667
34.6667
0
56
0
47
0
0
29.6667
0
0
49
0
0
0
0
42
46.3333
34.3333
35
0
0
59
38.3333
32
0
38.3333
37.6667
44.6667
0
0
0
41.3333
37.3333
0
30.6667
38.3333
38.6667
39.3333
47.3333
35.3333
0
0
37.3333
0
65.6667
0
63
38.3333
0
0
40.6667
39.3333
42
33.3333
65.6667
0
0
48.3333
32
54.3333
0
0
56
56.6667
67
59
41.3333
50
41
48.3333
0
0
27.6667
0
55.3333
0
40.3333
55.3333
49
0
0
0
0
45.6667
0
43
0
65
0
41.6667
69.3333
40.6667
0
69.6667
0
36.6667
40.3333
43.3333
0
0
43
26
0
0
48.3333
47
0
73
0
0
60
0
0
37.3333
61.3333

10000
10000
10000
10000
10000
10000
10000
10000
10000
10000
10000
10000
10000
10000
10000
10000
10000
10000
10000
10000
10000
10000
10000
10000
10000
10000
10000
10000
10000
10000
10000
10000
10000
10000
10000
10000
10000
10000
10000
10000
10000
10000
10000
10000
10000
10000
10000
10000
10000
10000
10000
10000
10000
10000
10000
10000
10000
10000
10000
10000
10000
10000
10000
10000
10000
10000
10000
10000
10000
10000
10000
10000
10000
10000
10000
10000
10000
10000
10000
10000
10000
10000
10000
10000
10000
10000
10000
10000
10000
10000
10000
10000
10000
10000
10000
10000
10000
10000
10000
10000
10000
10000
10000
10000
10000
10000
10000
10000
10000
10000
10000
10000
10000
10000
10000
10000
10000
10000
10000
10000
10000
10000
10000
10000
10000
10000
10000
10000

