2116.33
2158.33
2069.33
2160
1977.67
2205.33
2120
1767.33
2714.33
2372.67
2308.67
2384
1995.67
2225
2199.67
2154.67
2112.33
11059
2161
2161.33
2079.67
2219.67
2016.33
2151.67
2096.33
1581
4960.33
2422
2273.67
2353.33
2072.33
2247.67
2331.33
2235.67
2058
2658.33
5378.67
12950.7
15307
14336.7
2684.33
2779.67
2722.67
14891.7
3055.33
2394.33
2593.67
3045.67
2927.33
2526.33
2729.67
7594.33
9846
2699
2905
2531.67
3040.33
3019.67
2634.33
2763
2926
2293
2482.33
2773

148.667
96
208.333
143
189.667
163.667
156.333
133.667
145.333
196.667
223
171.333
185
200.333
179.667
194
183
231
144.333
195
154
126.667
163.667
167
164.333
190
150
119.667
135.667
155.667
149.667
143
171
133
165.333
178.333
137
132.333
184.667
98.6667
165.667
113
134
284.667
104
154.333
119.333
92.6667
152.667
135.667
125.667
131.333
129.333
208.333
131
118.667
131.667
205.667
79
142
168.667
233
120.333
111.667

175.333
167
198.333
198
206
178.333
151
155
197.667
140.667
141.667
152
169.667
143.667
78.6667
143.667
133.667
56
176
164
200
201.667
202
183
156.333
153.333
98.6667
134
146.667
151
166.667
144
81.6667
147.667
132.333
137.667
195
52.6667
49.3333
51.3333
172.667
231.333
192.333
55.3333
174.333
229.667
237
98
194.667
165.667
174.333
98.3333
46
193.333
101.333
172
170.333
196.667
170.333
130.667
176
231.667
241.333
235.333

97.6667
101.667
94
94.6667
89.6667
100
88
68.6667
193.667
145
130
104.333
94.3333
114.667
127
109.667
104.667
151.667
90.6667
108.333
95.6667
85.3333
103
94.3333
87.6667
64
174.667
121
107.667
109
100.333
113
137
111.667
100.667
220.333
203.667
213
241.333
250
221.667
192
204.667
231
228.333
93.6667
220.667
244.333
234
215.333
220.667
211
237
190
236.667
228.667
231.667
229.667
212.667
230
222
100
212
210.667

119.333
142.667
107.333
112.667
100
83
98
111.667
212
177
141.333
133.667
123
98.6667
142.667
113
105.667
242
138
128
137
105
137.333
107.667
155.333
113.667
199.333
138.667
120
105
115.667
101.333
130.667
163
106.333
175.667
192.667
176.333
205.667
188
168.667
234.333
180.667
263.667
164.667
120
154
164
181.333
220
207.333
175.333
144.667
147.333
207.667
215.667
202.333
156.333
263.333
214.667
163
151.333
197
198.667

156.333
156.333
156
156
156.667
156
156
155.667
156
156.333
156.333
156.333
156.333
156
156.333
156
156.667
156.333
155.667
156.333
156.333
156
156.667
156
156
156
156.333
156.333
156.333
156.333
156.333
156
156.333
156
156
156.333
156
156.333
156.667
156
156.667
156
156.333
156.333
156.333
156.333
156.333
156.333
156.667
156
156.333
156.667
156.333
156.333
156.333
156.333
156.333
156.333
156
156.667
156
156.667
156
156.333

156.667
156.333
156.333
156
157
156
156.333
156
156
156
156
156
156
156
156.333
156.333
156.333
156
156.667
156.667
156.333
156
157.333
156
156.333
156
156
156
156.333
156.333
156
156
156.333
156.333
156
156.333
156
156.333
156.333
156
156
156.333
156
156.333
156.333
156
156
156.667
157
156
156.667
156
156
156
156.333
156.333
156.333
156.667
156
156.333
156.667
156
156.333
156.333

39.6667
35
43.6667
41.6667
40
44
33.6667
24.3333
74.6667
38
43
46.6667
42.6667
39.6667
29.6667
37.3333
44.3333
60.3333
38.3333
34.6667
43.6667
44
38.6667
38
40
25.3333
74
37
40.6667
42.3333
45.6667
44
32
35.6667
52.6667
48.3333
68.3333
95.6667
100
92.3333
68.6667
51
61.3333
96.3333
61
47.6667
72.3333
65.3333
51.6667
65
56.6667
83.6667
49.6667
59.3333
55.6667
71.6667
56
49.3333
66.6667
43.6667
66.3333
46.3333
66.6667
51.3333

10000
10000
10000
10000
10000
10000
10000
10000
10000
10000
10000
10000
10000
10000
10000
10000
10000
10000
10000
10000
10000
10000
10000
10000
10000
10000
10000
10000
10000
10000
10000
10000
10000
10000
10000
10000
10000
10000
10000
10000
10000
10000
10000
10000
10000
10000
10000
10000
10000
10000
10000
10000
10000
10000
10000
10000
10000
10000
10000
10000
10000
10000
10000
10000

