9914.33
12210
9460.33
10781.3
9862.33
6525
8814.33
8348.67

1315.33
1299
1233
1250.33
1250.67
1728.67
1034
889

1243.67
1235.33
1212
1266
1291.33
1302
1205.33
1244.33

1226.33
1274
1234.33
1254.33
1277
1288.67
1182.67
1262.67

1395.67
2360.67
1925
284.667
473.667
1560.33
1154.67
845.333

1249.67
1250.33
1250
1250.33
1250.33
1250
1249.33
1250

1250
1250.33
1250.33
1250.33
1249.67
1249.33
1250
1250

424
452.667
394.333
400
411.667
400.667
425
424.667

10000
10000
10000
10000
10000
10000
10000
10000

