1466.75
1502.5
1314.25
1572.75
1216.5
1696.75
1666.25
1311
1483.25
1456.25
1609.5
1526.25
1631.25
1551.25
1362.5
1662
1538.5
1689.5
1688
1960.5
1503.75
1580.5
1585
1619.25
1228.25
1555.25
1583
1782.25
1593.75
1445
1356
1607.75
1484.5
1586
2780
14999.5
1699.25
1607.75
10673.5
1724.75
1602.75
7536.75
10868.8
1203.25
14212.2
12649
10575
8754.25

72.5
99.5
86.5
86
92.5
82.25
103.75
62.25
94.25
96.25
87.25
79.75
88.5
113.75
87.25
106
57.5
75.75
70.5
58.25
96.25
69.5
100.5
81.25
77.5
89
75.75
80.75
64.5
67.75
75
73.5
87.75
68.75
253.75
1177.25
88.25
68.25
1125
88.75
77.25
768.5
735.75
73
666.75
790.5
669
610

94.5
94.25
84
93
100.25
83.75
94.25
85
76.5
80.25
92.75
90.75
91.5
91.5
64.75
74.75
81
65.25
72.75
67.5
85.5
77
79.5
83.75
79.25
73.5
78.75
74.75
67.25
77.25
76.75
93.5
81.25
88.75
387
1148
81.75
75.25
1070.25
90.25
83
652
779
69.75
638
640
821
669.75

85.75
80.25
75.75
87
102.5
86
93.25
83
83.5
83.5
84.75
86
85.5
88
92.75
84
98.5
83.75
96
84
82
88.75
101.5
82.25
100.5
82.75
86.25
77.5
89.5
89
84
89.5
90
104.25
423
984
93
82.75
1086.25
89.75
92.75
715.25
728.25
82.25
645
626.25
689.75
670.25

2
1
15
11.25
5.25
4.25
24.75
0.75
10.25
0
26
89.25
3
0.25
50
12.25
0.5
0.75
4.5
47
11.25
93.25
18.25
124.5
1.75
0.25
4.5
18.5
18
6.25
43.5
29.25
1.75
43
2257.5
1218.5
2.25
21.75
1797.5
4
8.5
75.25
2676.25
2.75
121.25
101.5
55.5
935.5

208.5
208
208.5
209
210.25
207.25
206.75
209.75
206.25
208.25
209.25
206.75
208.5
206
206.25
207.75
208
217
207.75
206.25
206.25
208
208
206.5
208.25
206.25
207.5
208
208
208.25
207.75
210
207.75
207.25
207.75
209.75
210.5
207.25
210.5
207.5
206.5
210.75
209.5
206.75
209.75
207.5
209.5
212.75

208.25
208
208
208
208.25
208
208.25
208.25
208
208.25
208
208.5
208
208
208.25
208
208
208
208.25
208.25
208
208.5
208
208
208.25
208
208.25
208.25
208
208.5
207.75
208.25
208
208.25
208.5
209
207.75
208
209.25
208.5
208.5
209.5
209.25
208
209.25
209.75
209
209.25

23.25
27.75
24.75
26.75
30.75
23
31.5
23
24.5
24.75
26
24.75
24.5
28.5
23.25
18.25
27.25
22.75
20.75
24.5
25.25
24.25
24.25
25.75
25.5
21.5
25.25
20
24.5
25
23
26.75
24
26
25
203
26
22
202.5
21.5
28
159.5
205.5
18.75
190.5
175.5
188.75
191.75

10000
10000
10000
10000
10000
10000
10000
10000
10000
10000
10000
10000
10000
10000
10000
10000
10000
10000
10000
10000
10000
10000
10000
10000
10000
10000
10000
10000
10000
10000
10000
10000
10000
10000
10000
10000
10000
10000
10000
10000
10000
10000
10000
10000
10000
10000
10000
10000

